"epsilon","mach_number","pressure","rad_temp","rho","rhoE","rhou","temperature","GlobalNodeId","PedigreeNodeId","Points:0","Points:1","Points:2"
1.6531117805717188834e-05,2.99993330721640028,0.099160876009372012074,0.18631036958894628408,5.5165846442518056136,0.89244788607969649519,2.8645140238140394118,0.1862982398745726409,1,1,-0.016003377735614776611,0,0
1.6531118378733087074e-05,2.9999330636051291243,0.09916088978764477091,0.1863103712034590298,5.5165846445405595233,0.89244788929446983161,2.8645139902780929475,0.18629826575071561923,2,2,-0.015990575775504112244,0,0
1.6531119655983412707e-05,2.9999328634754940381,0.099160903511720299708,0.18631037480220186131,5.5165847462560453351,0.89244791358173891638,2.864514023814050514,0.18629828809979567805,3,3,-0.015977771952748298645,0,0
1.6531121636337041322e-05,2.9999326205869860651,0.099160917244820165339,0.18631038038198741158,5.5165847463789932092,0.89244791675109691464,2.8645139902780862862,0.186298313896669121,4,4,-0.015964969992637634277,0,0
1.6531124318712698092e-05,2.9999324211486451119,0.099160930925675364045,0.18631038793976859025,5.516584847935953384,0.89244794099491886463,2.8645140238140665012,0.18629833616990132406,5,5,-0.01595216803252696991,0,0
1.6531127702213812197e-05,2.9999321788351229756,0.099160944622762259293,0.1863103974730184742,5.5165848479270049864,0.89244794412801964345,2.8645139902780649699,0.18629836190356924286,6,6,-0.015939364209771156311,0,0
1.6531131785992795035e-05,2.9999319799408108445,0.099160958269526075504,0.18631040897934805778,5.5165849493593146491,0.89244796833752870757,2.8645140238140824884,0.18629838411696053591,7,7,-0.015926562249660491943,0,0
1.6531136569386108099e-05,2.9999317380553818246,0.099160971939704856126,0.18631042245688667069,5.5165849492522305297,0.89244797144347498552,2.8645139902780378804,0.18629840980338852052,8,8,-0.015913758426904678345,0,0
1.653114205177840906e-05,2.9999315395587204947,0.099160985561450754044,0.18631043790389925641,5.5165850505935711823,0.89244799562774690393,2.8645140238141046929,0.18629843197284828848,9,9,-0.015900956466794013977,0,0
1.6531148232737829699e-05,2.9999312979553955927,0.099160999213770334437,0.18631045531916753943,5.5165850504218960637,0.89244799871558755378,2.8645139902780121233,0.18629845762790414598,10,10,-0.015888154506683349609,0,0
1.6531155111879979687e-05,2.9999310997108339372,0.099161012819520513717,0.18631047470160680413,5.5165851517057875597,0.89244802288364921683,2.8645140238141535427,0.18629847976925081876,11,11,-0.015875350683927536011,0,0
1.6531162689003448143e-05,2.9999308582444035309,0.099161026462980070284,0.18631049605064770036,5.5165851515027846119,0.89244802596237382541,2.8645139902779646057,0.18629850540871842335,12,12,-0.015862548723816871643,0,0
1.653117096395367527e-05,2.999930660107156033,0.0991610400617090465,0.18631051936585277251,5.5165852527625105495,0.8924480501232040508,2.8645140238141872935,0.18629852753768882945,13,13,-0.015849744901061058044,0,0
1.6531179936758663978e-05,2.9999304186330095767,0.099161053705272075853,0.18631054464729868148,5.5165852525615166613,0.89244805320178044461,2.8645139902779352958,0.18629855317728249986,14,14,-0.015836942940950393677,0,0
1.6531189607492702444e-05,2.9999302204588733645,0.09916106730591692231,0.18631057189519231732,5.5165853538301776737,0.89244807736431197576,2.8645140238142192679,0.18629857530954932465,15,15,-0.015824140980839729309,0,0
1.6531199976412295962e-05,2.9999299788330100469,0.099161080958508146521,0.1863106011102538262,5.5165853536642854849,0.89244808045166190702,2.864513990277896216,0.18629860096491884791,16,16,-0.01581133715808391571,0,0
1.6531211043819767531e-05,2.9999297804783364718,0.099161094569972269008,0.18631063229333225117,5.5165854549748845059,0.8924481046248002869,2.8645140238142410283,0.18629862311609476921,17,17,-0.015798535197973251343,0,0
1.6531222810199389605e-05,2.999929538557234654,0.099161108240487516596,0.1863106654457890865,5.5165854548771395827,0.89244810772982552383,2.8645139902778717911,0.18629864880283714124,18,18,-0.015785731375217437744,0,0
1.6531235276080842377e-05,2.9999293398787925113,0.099161121871648105763,0.18631070056911355759,5.5165855562626369135,0.89244813192244998312,2.8645140238142907663,0.18629867098848712503,19,19,-0.015772929415106773376,0,0
1.6531248442175569151e-05,2.9999290975193284581,0.099161135568956823572,0.18631073766530689695,5.5165855562658814293,0.89244813505401354714,2.8645139902778491425,0.18629869672215668142,20,20,-0.015760127454996109009,0,0
1.6531262309240095707e-05,2.9999288983741467796,0.099161149228673528544,0.18631077673649709681,5.5165856577590943743,0.89244815927497556096,2.8645140238143156353,0.18629871895781743851,21,21,-0.01574732363224029541,0,0
1.6531276878212602515e-05,2.999928655433496516,0.09916116296162713617,0.18631081778532382343,5.5165856578961465218,0.89244816244192870514,2.8645139902777989604,0.18629874475393554123,22,22,-0.015734521672129631042,0,0
1.6531292150076081475e-05,2.9999284556788956557,0.099161176658743785395,0.18631086081455272563,5.5165857595300069605,0.89244818670008341233,2.8645140238143680378,0.18629876705511028145,23,23,-0.015721717849373817444,0,0
1.6531308125995152066e-05,2.999928212014423945,0.099161190436180990382,0.18631090582746109852,5.5165857598335712453,0.89244818991125896002,2.8645139902777452257,0.18629879292917808642,24,24,-0.015708915889263153076,0,0
1.6531324807179062242e-05,2.9999280115079094422,0.099161204179528214531,0.1863109528274517479,5.5165858616407978943,0.89244821421543618634,2.8645140238144084499,0.18629881531135239481,25,25,-0.015696113929152488708,0,0
1.653134219501873497e-05,2.9999277669769823795,0.099161218010289375879,0.18631100181843909813,5.5165858621438186304,0.89244821747968250403,2.8645139902777345675,0.1862988412788661452,26,26,-0.01568331010639667511,0,0
1.653136029094960988e-05,2.9999275655760531123,0.099161231808696626011,0.18631105280446291772,5.5165859641570902383,0.89244824183870097301,2.8645140238144524147,0.18629886375752471861,27,27,-0.015670508146286010742,0,0
1.6531379096588903261e-05,2.9999273200361593616,0.09916124570161213847,0.186311105790074788,5.5165859648922630498,0.89244824516484100307,2.8645139902776994845,0.18629888983397036029,28,28,-0.015657704323530197144,0,0
1.6531398613598327738e-05,2.9999271175982604731,0.099161259563912362847,0.18631116077995155123,5.5165860671442601415,0.89244826958752454527,2.8645140238144342071,0.18629891242460441814,29,29,-0.015644902363419532776,0,0
1.653141884382155894e-05,2.9999268709067643535,0.099161273527822418883,0.18631121777928252858,5.5165860681444467417,0.89244827298440798646,2.8645139902776399765,0.18629893862548063677,30,30,-0.015632100403308868408,0,0
1.6531439789146802714e-05,2.9999266672892219709,0.099161287462858321851,0.18631127679338221892,5.5165861706681216248,0.89244829747961140765,2.8645140238144550793,0.18629896134359055782,31,31,-0.015619297511875629425,0,0
1.6531461451644498961e-05,2.9999264193033110537,0.099161301506612148371,0.18631133782807840493,5.5165861719661020146,0.89244830095608407294,2.864513990277602673,0.18629898768441582879,32,32,-0.015606494620442390442,0,0
1.6531483833429726221e-05,2.9999262143632225985,0.099161315523239298986,0.1863114008893244633,5.5165862747943528177,0.89244832553266695285,2.8645140238145203604,0.18629901054552799877,33,33,-0.015593691729009151459,0,0
1.653150693680012235e-05,2.9999259649398064553,0.099161329655703359109,0.18631146598358777622,5.5165862764230384485,0.89244832909759375106,2.8645139902776128871,0.18629903704184863633,34,34,-0.015580888837575912476,0,0
1.6531530764098167127e-05,2.9999257585339536014,0.099161343762794076917,0.18631153311746201373,5.5165863795886425081,0.89244835376441045138,2.8645140238145647693,0.1862990600615249126,35,35,-0.015568085946142673492,0,0
1.6531555317849309613e-05,2.9999255075295083728,0.09916135799286095176,0.18631160229805598938,5.5165863815810149973,0.89244835742667782963,2.8645139902775915708,0.18629908672893408239,36,36,-0.015555283986032009125,0,0
1.6531580600624094904e-05,2.9999252995142837719,0.099161372199313008169,0.18631167353260544295,5.5165864851169184035,0.8924483821926212368,2.8645140238145541112,0.18629910992277851078,37,37,-0.015542481094598770142,0,0
1.6531606615176508326e-05,2.9999250467848894708,0.0991613865359026736,0.18631174682886267324,5.516586487506230263,0.89244838596116760066,2.8645139902775946794,0.18629913677691153917,38,38,-0.015529678203165531158,0,0
1.6531633364305980217e-05,2.9999248370161253341,0.099161400850648936944,0.18631182219470779349,5.5165865914456428953,0.89244841083516990299,2.8645140238145869738,0.18629916016058520323,39,39,-0.015516875311732292175,0,0
1.6531660850995933413e-05,2.9999245824172828812,0.099161415302712538344,0.18631189963853903024,5.5165865942649690012,0.89244841471892888407,2.8645139902775746954,0.18629918721714203156,40,40,-0.015504072420299053192,0,0
1.6531689078275642335e-05,2.9999243707502394329,0.09916142973472180655,0.18631197916888361799,5.5165866986411993267,0.89244843970996390325,2.8645140238146185041,0.1862992108063701302,41,41,-0.015491270460188388824,0,0
1.6531718049359000707e-05,2.9999241141368497843,0.099161444311248889139,0.18631206079478868087,5.5165867019238383762,0.89244844371791842708,2.8645139902775302865,0.18629923808111539807,42,42,-0.015478467568755149841,0,0
1.6531747767506238344e-05,2.9999239004260815911,0.099161458869532786986,0.18631214452543157223,5.5165868067703547339,0.89244846883499773238,2.8645140238146371559,0.18629926189169815354,43,43,-0.015465664677321910858,0,0
1.6531778236162905703e-05,2.9999236416522507831,0.099161473579563313985,0.18631223037051161673,5.5165868105499296092,0.89244847297619245285,2.8645139902775063057,0.18629928940048012809,44,44,-0.015452861785888671875,0,0
1.6531809458821438211e-05,2.9999234257515521307,0.099161488273179998476,0.18631231833985989477,5.5165869159003344535,0.89244849822837046815,2.8645140238146704625,0.18629931344830075179,45,45,-0.015440058894455432892,0,0
1.6531841439160374597e-05,2.9999231646705744048,0.099161503125802241687,0.18631240844383159527,5.5165869202105053404,0.89244850251188423407,2.8645139902774672258,0.18629934120705723966,46,46,-0.015427256934344768524,0,0
1.6531874180905765362e-05,2.9999229464328069916,0.099161517963866949166,0.186312500692915467,5.5165870260985823137,0.89244852790826856292,2.8645140238146686862,0.18629936550810005658,47,47,-0.015414454042911529541,0,0
1.6531907687970607955e-05,2.9999226828970719794,0.099161532968227161788,0.18631259509812669872,5.5165870309733655574,0.89244853234325483005,2.8645139902774308105,0.18629939353286573134,48,48,-0.015401651151478290558,0,0
1.6531941964316119716e-05,2.9999224621741862329,0.099161547959912180183,0.18631269167061606518,5.5165871374331576504,0.89244855789301658078,2.864514023814672683,0.1862994181032133767,49,49,-0.015388848260045051575,0,0
1.6531977014091389893e-05,2.9999221960350368477,0.099161563125221049986,0.18631279042206333463,5.5165871429068014109,0.89244856248869119941,2.8645139902774330309,0.18629944641013621021,50,50,-0.015376045368611812592,0,0
1.6532012841494500121e-05,2.9999219726778676431,0.099161578279766612876,0.18631289136428605402,5.5165872499725576716,0.89244858820106176545,2.8645140238146935552,0.18629947126599219476,51,51,-0.015363243408501148224,0,0
1.6532049450912393275e-05,2.9999217037856027446,0.099161593615296750315,0.18631299450963351161,5.5165872560793332013,0.89244859296668277437,2.8645139902773930629,0.1862994998713355943,52,52,-0.015350440517067909241,0,0
1.6532086846781865203e-05,2.9999214776438289931,0.099161608942017032131,0.18631309987059516131,5.5165873637857867351,0.89244861885098714094,2.8645140238147410727,0.18629952502902583089,53,53,-0.015337637625634670258,0,0
1.6532125033729647032e-05,2.9999212058474711284,0.099161624457120345344,0.18631320746019530699,5.5165873705603365451,0.89244862379589462442,2.8645139902773451013,0.1862995539491898167,54,54,-0.015324834734201431274,0,0
1.6532164016433241043e-05,2.9999209767696122242,0.099161639965399048235,0.18631331729160091615,5.5165874789422266744,0.89244864986151029029,2.8645140238147530631,0.18629957942517066938,55,55,-0.015312031842768192291,0,0
1.6532203799761229987e-05,2.9999207019168339095,0.099161655669512724365,0.18631342937851697039,5.5165874864196755567,0.89244865499514414164,2.8645139902773002483,0.18629960867669903557,56,56,-0.015299229882657527924,0,0
1.653224438863396388e-05,2.9999204697500383432,0.09916167136881937072,0.18631354373479400155,5.5165875955121848051,0.89244868125154408478,2.8645140238147903666,0.18629963448757316802,57,57,-0.01528642699122428894,0,0
1.653228578816412004e-05,2.9999201916871762741,0.099161687271462697901,0.18631366037482405273,5.5165876037278973598,0.89244868658342257906,2.8645139902772931428,0.18629966408715598059,58,58,-0.015273624099791049957,0,0
1.653232800351719337e-05,2.999919956277101285,0.099161703171357487574,0.18631377931314760388,5.5165877135664471709,0.89244871304015682689,2.8645140238148361078,0.18629969024968828784,59,59,-0.015260821208357810974,0,0
1.6532371040052303728e-05,2.9999196748490208897,0.099161719282139598741,0.18631390056485025442,5.5165877225560384645,0.89244871857987950747,2.8645139902772704943,0.18629972021417581796,60,60,-0.015248018316924571991,0,0
1.6532414903182554079e-05,2.999919436039830245,0.099161735392276073586,0.18631402414516939903,5.516587833176434863,0.89244874524660022796,2.8645140238148645295,0.18629974674529364842,61,61,-0.015235216356813907623,0,0
1.6532459598516034368e-05,2.9999191510898222113,0.099161751720905341734,0.18631415006989135441,5.51658784297601823,0.89244875100388032507,2.8645139902772673857,0.18629977709170589262,62,62,-0.01522241346538066864,0,0
1.6532505131716047539e-05,2.9999189087239432894,0.09916176805104354175,0.18631427835495756318,5.5165879544145228763,0.89244877789033894011,2.8645140238149120471,0.18629980400852125255,63,63,-0.015209610573947429657,0,0
1.6532551508642343805e-05,2.9999186200936276414,0.099161784607329897523,0.18631440901686266431,5.5165879650604150441,0.89244878387497750261,2.8645139902772482898,0.18629983475406203253,64,64,-0.015196807682514190674,0,0
1.6532598735211177251e-05,2.9999183740118997576,0.099161801167329061135,0.18631454207225994768,5.5165880773536013493,0.89244881099103201549,2.8645140238149435774,0.186299862073862732,65,65,-0.015184004791080951691,0,0
1.6532646817536780667e-05,2.9999180815410744216,0.099161817961195677928,0.18631467753836014611,5.5165880888826572814,0.89244881721294733179,2.8645139902772176477,0.18629989323593057482,66,66,-0.015171202830970287323,0,0
1.6532695761791283242e-05,2.9999178315824472918,0.099161834761031381058,0.18631481543253661237,5.5165882020675507391,0.89244884456856865551,2.864514023814961341,0.18629992097620770575,67,67,-0.01515839993953704834,0,0
1.65327455743463819e-05,2.9999175351090228148,0.099161851802518449772,0.18631495577272458308,5.5165882145170748174,0.89244885103779825197,2.8645139902771852292,0.18629995257240572482,68,68,-0.015145597048103809357,0,0
1.65327962616331438e-05,2.9999172811105254688,0.099161868852285423026,0.18631509857702607813,5.5165883286311601097,0.89244887864307853587,2.8645140238149839895,0.18629998075085879572,69,69,-0.015132794156670570374,0,0
1.6532847830283887742e-05,2.99991698047051214,0.09916188615155045738,0.18631524386410963645,5.5165883420388448499,0.8924488853697756241,2.8645139902771541429,0.18630001279899738309,70,70,-0.01511999126523733139,0,0
1.6532900286991824028e-05,2.9999167222670899413,0.099161903461472453158,0.18631539165281493786,5.5165884571201520004,0.89244891323493713564,2.8645140238150341716,0.18630004143354988999,71,71,-0.015107189305126667023,0,0
1.653295363865319676e-05,2.9999164172943726392,0.09916192102880358461,0.18631554196255312172,5.516588471524086934,0.89244892022937838405,2.8645139902771115104,0.18630007395167147433,72,72,-0.01509438641369342804,0,0
1.6533007892226757681e-05,2.9999161547189503452,0.099161938609229657859,0.1863156948129110202,5.5165885876110190011,0.89244894836477095534,2.8645140238150799128,0.18630010306046962398,73,73,-0.015081583522260189056,0,0
1.6533063054876138867e-05,2.9999158452452552304,0.099161956455050256909,0.18631585022405208751,5.5165886030499828863,0.89244895563738124711,2.8645139902770977436,0.18630013606684742156,74,74,-0.015068780630826950073,0,0
1.6533119133829170711e-05,2.9999155781284567723,0.099161974316470821722,0.18631600821632021692,5.516588720181502481,0.89244898405348871417,2.864514023815155408,0.18630016566828422331,75,75,-0.015055978670716285706,0,0
1.6533176136520488396e-05,2.999915263983237157,0.099161992451342592658,0.18631616881064130831,5.5165887366945938197,0.8924489916148140578,2.864513990277064881,0.18630019918144052893,76,76,-0.015043175779283046722,0,0
1.6533234070450717748e-05,2.9999149921534158381,0.099162010604387978985,0.1863163320281267521,5.5165888549100916549,0.89244902032225370547,2.8645140238151780565,0.18630022929415729349,77,77,-0.015030372887849807739,0,0
1.653329294332928499e-05,2.9999146731637318375,0.099162029039022797638,0.18631649789047552424,5.5165888725371239332,0.89244902818300608782,2.8645139902770022644,0.18630026333287239004,78,78,-0.015017569996416568756,0,0
1.6533352762933470462e-05,2.9999143964467713808,0.09916204749447858624,0.18631666641957728148,5.5165889918767643252,0.89244905719257228149,2.8645140238152286827,0.18630029397577604899,79,79,-0.015004767104983329773,0,0
1.6533413537251458929e-05,2.9999140724372406197,0.099162066239738944073,0.18631683763791523356,5.5165890106580413033,0.89244906536360968374,2.8645139902769618523,0.18630032855909664513,80,80,-0.014991965144872665405,0,0
1.6533475274341220509e-05,2.9999137906564943279,0.099162085008544023634,0.1863170115681686001,5.5165891311623047599,0.89244909468622235504,2.8645140238152428935,0.18630035975137138049,81,81,-0.014979162253439426422,0,0
1.6533537982473804927e-05,2.9999134614490925443,0.099162104075456142249,0.18631718823361631543,5.5165891511388078783,0.89244910317856940285,2.8645139902769050089,0.18630039489862892932,82,82,-0.014966359362006187439,0,0
1.6533601669992086913e-05,2.9999131744253086929,0.099162123168713395271,0.18631736765773901365,5.5165892728490071306,0.8924491328253351119,2.8645140238152819734,0.18630042665973900462,83,83,-0.014953556470572948456,0,0
1.6533666345454267138e-05,2.999912839839289358,0.099162142568470695858,0.18631754986462337187,5.5165892940622747176,0.89244914165017252827,2.8645139902768548268,0.18630046239056016755,84,84,-0.014940753579139709473,0,0
1.6533732017492495638e-05,2.9999125473904340033,0.09916216199745422899,0.18631773487856365112,5.5165894170202687263,0.89244917163236148205,2.8645140238153312673,0.18630049474027307599,85,85,-0.014927951619029045105,0,0
1.6533798694956596361e-05,2.9999122072422852447,0.099162181741422869563,0.18631792272446678904,5.5165894395125469885,0.89244918080105595237,2.8645139902768388396,0.18630053107458521833,86,86,-0.014915148727595806122,0,0
1.6533866386772527968e-05,2.9999119091835462214,0.099162201517577167054,0.18631811342745341342,5.5165895637606938706,0.89244921113009589853,2.8645140238153610213,0.18630056403297162726,87,87,-0.014902345836162567139,0,0
1.6533935102086369263e-05,2.999911563286825178,0.099162221617303453192,0.18631830701326368427,5.5165895875748622856,0.8924492206541840833,2.8645139902767993156,0.18630060099101916626,88,88,-0.014889542944729328156,0,0
1.653400485012262075e-05,2.9999112594303816159,0.099162241752260238403,0.18631850350785789106,5.5165897131562786626,0.89244925134169827974,2.8645140238153432577,0.18630063457847589881,89,89,-0.014876740053296089172,0,0
1.6534075640328427237e-05,2.9999109075957117732,0.099162262219474231473,0.18631870293782284986,5.5165897383359752126,0.8924492612329180119,2.8645139902767624562,0.18630067218082288494,90,90,-0.014863938093185424805,0,0
1.6534147482231723535e-05,2.9999105977505280407,0.099162282725065442612,0.18631890532997225085,5.516589865294734274,0.89244929229073965971,2.8645140238153810053,0.18630070641809068355,91,91,-0.014851135201752185822,0,0
1.653422038558569762e-05,2.9999102397853483204,0.099162303571692173021,0.18631911071175352723,5.5165898918841973497,0.89244930256100696297,2.8645139902767655649,0.18630074468564705725,92,92,-0.014838332310318946838,0,0
1.6534294360226807583e-05,2.9999099237573325638,0.099162324459937389864,0.1863193191108479807,5.5165900202648909811,0.89244933400114467847,2.8645140238154405132,0.18630077959380159092,93,93,-0.014825529418885707855,0,0
1.6534369416219458246e-05,2.9999095594658506947,0.099162345698100715086,0.18631953055557817778,5.5165900483090055673,0.89244934466256453653,2.8645139902767335904,0.18630081854782915007,94,94,-0.014812726527452468872,0,0
1.6534445563713882584e-05,2.9999092370576083688,0.099162366981225255613,0.18631974507450774214,5.5165901781570765294,0.89244937649724331852,2.8645140238154902512,0.18630085414830391266,95,95,-0.014799924567341804504,0,0
1.6534522813091052126e-05,2.9999088662405899441,0.09916238862326383352,0.18631996269684936163,5.5165902077017143768,0.89244938756214919895,2.8645139902767096096,0.1863008938104346035,96,96,-0.014787121675908565521,0,0
1.6534601174820426236e-05,2.9999085372513052405,0.099162410313702598064,0.18632018345206424748,5.5165903390632049508,0.89244941980378589275,2.8645140238154933598,0.18630093012503662342,97,97,-0.014774318784475326538,0,0
1.653468065960508952e-05,2.9999081597061212356,0.099162432372166528505,0.18632040737027075195,5.516590370155068257,0.89244943128473341876,2.8645139902766905138,0.18630097051727154134,98,98,-0.014761515893042087555,0,0
1.6534761278239345253e-05,2.999907823931355022,0.099162454482579806547,0.18632063448184341126,5.5165905030769808448,0.89244946394597912676,2.8645140238154964685,0.18630100756819875651,99,99,-0.014748713001608848572,0,0
1.6534843041754120448e-05,2.9999074394517823983,0.099162476970239110674,0.18632086481782234033,5.5165905357633659989,0.89244947585572331761,2.8645139902766247886,0.18630104871293226565,100,100,-0.014735911041498184204,0,0
1.6534925961274393269e-05,2.9999070966834651131,0.099162499513515481309,0.18632109840951163737,5.5165906702938585227,0.89244950894948560371,2.8645140238155812895,0.18630108652277257986,101,101,-0.014723108150064945221,0,0
1.6535010048164852203e-05,2.9999067050595491501,0.099162522443370648695,0.18632133528888972229,5.5165907046229429866,0.89244952130100774212,2.8645139902765941464,0.18630112844280208306,102,102,-0.014710305258631706238,0,0
1.6535095313887167621e-05,2.9999063550858475757,0.09916254543262681409,0.18632157548820726944,5.5165908408105837069,0.89244955484038390736,2.8645140238156430179,0.18630116703455804061,103,103,-0.014697502367198467255,0,0
1.6535181770145898286e-05,2.9999059561037455524,0.099162568817920640485,0.1863218190403980179,5.5165908768315521371,0.89244956764691962814,2.8645139902765435203,0.18630120975310224263,104,104,-0.014684699475765228271,0,0
1.6535269428745627389e-05,2.9999055987089611186,0.099162592266514068551,0.18632206597867656539,5.5165910147259209495,0.89244960164525877211,2.8645140238156794332,0.18630124915019466436,105,105,-0.014671897515654563904,0,0
1.6535358301737099445e-05,2.9999051921508836926,0.099162616120733640401,0.18632231633694978923,5.5165910524888852606,0.89244961492028918038,2.8645139902764804596,0.18630129269089990007,106,106,-0.014659094624221324921,0,0
1.6535448401274227586e-05,2.999904827115288608,0.099162640042272695573,0.18632257014941411288,5.5165911921405905716,0.89244964939120341452,2.8645140238157456025,0.18630133291718614652,107,107,-0.014646291732788085938,0,0
1.6535539739760450682e-05,2.9999044127593563758,0.099162664379158424466,0.1863228274509677318,5.516591231696592601,0.89244966314846263522,2.8645139902764555906,0.18630137730414325636,108,108,-0.014633488841354846954,0,0
1.653563232970561866e-05,2.9999040398590106626,0.099162688787509362109,0.18632308827680746366,5.5165913731570377365,0.89244969810579855007,2.8645140238158042223,0.18630141838393832199,109,109,-0.014620685949921607971,0,0
1.653572618387260713e-05,2.9999036174790978393,0.099162713621063519609,0.18632335266284169584,5.5165914145580252637,0.89244971235927439412,2.8645139902763996353,0.18630146364169952733,110,110,-0.014607883989810943604,0,0
1.6535821315134033288e-05,2.9999032364857951549,0.099162738530358202071,0.18632362064528670831,5.5165915578796784757,0.89244974781715602496,2.864514023815832644,0.18630150559978153613,111,111,-0.01459508109837770462,0,0
1.653591773661912127e-05,2.9999028058514340955,0.099162763874853898649,0.18632389226108042601,5.516591601178749471,0.89244976258112396206,2.8645139902763592232,0.18630155175336901574,112,112,-0.014582278206944465637,0,0
1.6536015461570296081e-05,2.9999024165325307578,0.09916278929949881582,0.18632416754747835319,5.5165917464151252858,0.89244979855394901413,2.8645140238158810497,0.18630159461499662399,113,113,-0.014569475315511226654,0,0
1.6536114503490282728e-05,2.9999019774088209189,0.099162815169481013933,0.18632444654246793636,5.5165917916661930676,0.89244981384293520232,2.8645139902762939421,0.18630164168991578122,114,114,-0.014556672424077987671,0,0
1.653621487599856124e-05,2.9999015795271133378,0.099162841124165818085,0.18632472928436416559,5.5165919388719188987,0.89244985034539170421,2.8645140238159387813,0.18630168548084205526,115,115,-0.014543870463967323303,0,0
1.6536316592978716518e-05,2.9999011316744108591,0.099162867534474272158,0.18632501581222463138,5.5165919861300940497,0.89244986617422561448,2.8645139902762375428,0.18630173350311168834,116,116,-0.01453106757253408432,0,0
1.6536419668434754443e-05,2.9999007249880724757,0.099162894034174844937,0.18632530616544470958,5.5165921353608000643,0.89244990322128747717,2.8645140238160240465,0.18630177824959362476,117,117,-0.014518264681100845337,0,0
1.6536524116638688897e-05,2.999900268162024819,0.09916292099994092335,0.18632560038417328441,5.5165921846823113839,0.89244991960509145734,2.864513990276218447,0.18630182724574259612,118,118,-0.014505461789667606354,0,0
1.653662995198674945e-05,2.9998998524243392083,0.099162948059933045397,0.18632589850890768357,5.5165923359945585602,0.89244995721200948147,2.8645140238160746726,0.18630187297456909934,119,119,-0.014492658898234367371,0,0
1.6536737189147202162e-05,2.9998993863757226208,0.09916297559658893146,0.18632620058091001192,5.5165923874366402657,0.89244997416619997743,2.86451399027613407,0.18630192297165751314,120,120,-0.014479856938123703003,0,0
1.653684584291640819e-05,2.9998989613350151018,0.099163003232458496461,0.18632650664180161471,5.5165925408883769165,0.89245001234856025096,2.8645140238160959889,0.18630196971015322571,121,121,-0.01446705404669046402,0,0
1.6536955928366919031e-05,2.9998984858094690509,0.099163031355756936502,0.18632681673398024391,5.5165925945097127325,0.89245002988889376994,2.8645139902760958783,0.186302020735794438,122,122,-0.014454251155257225037,0,0
1.6537067460703372499e-05,2.9998980512088366801,0.099163059583412108133,0.18632713090021410518,5.5165927501600577898,0.89245006866259313227,2.8645140238161723722,0.18630206851185007744,123,123,-0.014441448263823986053,0,0
1.6537180455410875959e-05,2.999897565946946898,0.099163088309415864385,0.18632744918405977352,5.5165928060201618877,0.89245008680511395127,2.8645139902760599071,0.18630212059421180637,124,124,-0.01442864537239074707,0,0
1.6537294928110736285e-05,2.9998971215243357413,0.099163117145084050952,0.18632777162945574068,5.5165929639293453945,0.89245012618637031832,2.8645140238162452029,0.1863021694362801961,125,125,-0.014415843412280082703,0,0
1.6537410894709114143e-05,2.9998966262612309919,0.099163146490194462035,0.18632809828114110795,5.5165930220891201685,0.89245014494746588429,2.8645139902760132777,0.18630222260411938295,126,126,-0.014403040520846843719,0,0
1.6537528371252618425e-05,2.9998961717491368084,0.099163175950440760054,0.18632842918424880052,5.5165931823186991068,0.89245018495283756632,2.8645140238163242508,0.1863022725412429581,127,127,-0.014390237629413604736,0,0
1.6537647374077201092e-05,2.9998956662144706797,0.099163205931397171988,0.18632876438472495417,5.5165932428402069121,0.89245020434922561758,2.8645139902759253481,0.1863023268239124286,128,128,-0.014377434737980365753,0,0
1.6537767919663656736e-05,2.9998952013397857108,0.099163236033134372072,0.18632910392892179652,5.5165934054530847419,0.89245024499562286557,2.8645140238164028545,0.18630237788574144364,129,129,-0.01436463184654712677,0,0
1.653789002478672749e-05,2.9998946852575820721,0.09916326666702629522,0.1863294478640175611,5.5165934683998054666,0.89245026504438396131,2.8645139902758445238,0.18630243331320389677,130,130,-0.014351829886436462402,0,0
1.6538013706370490781e-05,2.9998942097415097763,0.099163297427517088645,0.18632979623760917431,5.5165936334599638968,0.8924503063490488719,2.8645140238164379376,0.18630248553000944289,131,131,-0.014339026995003223419,0,0
1.6538138981637738676e-05,2.99989368282993496,0.099163328731798713878,0.18633014909813291893,5.5165936988968766741,0.89245032706764393371,2.8645139902757965622,0.18630254213286226439,132,132,-0.014326224103569984436,0,0
1.6538265867965209788e-05,2.9998931963877608631,0.099163360168671985106,0.18633050649445664915,5.5165938664697069527,0.89245036904818264567,2.8645140238164636948,0.18630259553555589269,133,133,-0.014313421212136745453,0,0
1.6538394383033249829e-05,2.9998926583590117545,0.099163392161165278549,0.18633086847630123128,5.5165939344630352537,0.89245039045442486891,2.8645139902757543737,0.18630265334504517161,134,134,-0.01430061832070350647,0,0
1.6538524544680897828e-05,2.9998921606999360279,0.099163424292428387075,0.18633123509383234251,5.5165941046154474137,0.89245043312883542974,2.864514023816509436,0.18630270796519809995,135,135,-0.014287816360592842102,0,0
1.6538656371055807575e-05,2.9998916112601001771,0.099163456991332873947,0.18633160639808271641,5.5165941752327602998,0.89245045524091037858,2.8645139902757237316,0.18630276701323394972,136,136,-0.014275013469159603119,0,0
1.6538789880469225417e-05,2.9998911020871612543,0.099163489835373930248,0.18633198244054358095,5.5165943480329699966,0.89245049862756442582,2.8645140238165383018,0.18630282288308869232,137,137,-0.014262210577726364136,0,0
1.6538925091546155641e-05,2.9998905409360490104,0.099163523259277908117,0.18633236327358751461,5.5165944213432656085,0.89245052146404590943,2.8645139902756620032,0.18630288320226331966,138,138,-0.014249407686293125153,0,0
1.6539062023080209528e-05,2.9998900199458296001,0.099163556834885951963,0.18633274895005966232,5.5165945968611218575,0.89245056558172608518,2.8645140238165676116,0.18630294035476036019,139,139,-0.014236604794859886169,0,0
1.6539200694184051952e-05,2.999889446776719204,0.099163591002782922046,0.18633313952370134103,5.5165946729349837341,0.89245058916159891726,2.8645139902756207029,0.18630300197837365572,140,140,-0.014223802834749221802,0,0
1.6539341124144114903e-05,2.9998889136592170601,0.09916362532915497241,0.18633353504874075601,5.5165948512418783167,0.89245063402949686981,2.8645140238166555413,0.18630306044716793412,141,141,-0.014210999943315982819,0,0
1.6539483332571304974e-05,2.9998883281587405136,0.099163660260448802108,0.1863339355803174946,5.5165949301513244052,0.89245065837214720972,2.8645139902756167061,0.18630312340924226611,142,142,-0.014198197051882743835,0,0
1.6539627339255605077e-05,2.9998877825973147004,0.099163695357190731472,0.1863343411740727984,5.516595111319934297,0.89245070400984505277,2.8645140238167252633,0.18630318322871347592,143,143,-0.014185394160449504852,0,0
1.6539773164317039431e-05,2.999887184445272581,0.099163731071707936215,0.18633475188657488975,5.5165951931385190932,0.89245072913507783596,2.8645139902755576422,0.1863032475640133967,144,144,-0.014172591269016265869,0,0
1.6539920828060146522e-05,2.9998866261162615565,0.099163766958862684109,0.18633516777490877203,5.5165953772433704572,0.89245077556261431795,2.8645140238167816626,0.18630330876929973583,145,145,-0.014159789308905601501,0,0
1.6540070351125235474e-05,2.9998860149854134072,0.099163803476866624331,0.18633558889710244433,5.5165954620463599767,0.89245080149067745889,2.8645139902754852557,0.18630337451335277077,146,146,-0.014146986417472362518,0,0
1.6540221754342720095e-05,2.9998854435581314704,0.099163840174911130343,0.18633601531171631316,5.5165956491634702274,0.89245084872851576652,2.8645140238168149693,0.18630343714035749181,147,147,-0.014134183526039123535,0,0
1.6540375058884642913e-05,2.9998848191140381481,0.099163877517111004289,0.18633644707827012876,5.5165957370278002614,0.89245087548010459955,2.8645139902753959937,0.18630350432947226369,148,148,-0.014121380634605884552,0,0
1.6540530286118910964e-05,2.9998842342504468128,0.09916391504698002235,0.18633688425683209156,5.5165959272351132725,0.89245092354918664768,2.8645140238169237712,0.18630356841489370545,149,149,-0.014108578674495220184,0,0
1.6540687457761070548e-05,2.9998835961512888559,0.099163953234541107884,0.18633732690844645452,5.5165960182393005695,0.89245095114544326087,2.8645139902753418149,0.18630363708618224994,150,150,-0.014095775783061981201,0,0
1.6540846595728421047e-05,2.9998829975058596276,0.099163991617629745901,0.18633777509472251865,5.5165962116161981754,0.89245100006714239704,2.8645140238170330171,0.18630370266753507047,151,151,-0.014082972891628742218,0,0
1.6541007722292094611e-05,2.9998823454022573998,0.099164030672186168069,0.18633822887826279047,5.5165963058405536046,0.89245102852968349882,2.8645139902752734251,0.18630377285892973926,152,152,-0.014070170000195503235,0,0
1.6541170859931020901e-05,2.9998817326217448453,0.099164069930367290673,0.18633868832225167211,5.5165965024682197537,0.89245107832585024443,2.8645140238171009628,0.18630383997456523293,153,153,-0.014057367108762264252,0,0
1.6541336031484287985e-05,2.9998810661565240565,0.099164109874037509318,0.18633915349088447933,5.5165965999949673204,0.8924511076767897011,2.864513990275203259,0.18630391172484364604,154,154,-0.014044565148651599884,0,0
1.6541503260005018997e-05,2.9998804388798512299,0.09916415002966996739,0.18633962444895577071,5.5165967999564484714,0.89245115836976840473,2.8645140238171697966,0.18630398041396320497,155,155,-0.014031762257218360901,0,0
1.6541672568912987136e-05,2.9998797576877613835,0.09916419088507055779,0.18634010126228914284,5.5165969008695689979,0.89245118863170092016,2.8645139902751179939,0.1863040537627794202,156,156,-0.014018959365785121918,0,0
1.6541843981848363575e-05,2.9998791155457662505,0.099164231961014745464,0.18634058399732519873,5.5165971042497936594,0.89245124024434296928,2.8645140238172430713,0.18630412406546315029,157,157,-0.014006156474351882935,0,0
1.6542017522824650956e-05,2.9998784192534260207,0.099164273751266171497,0.18634107272155214785,5.51659720863512959,0.89245127144037061928,2.8645139902750251792,0.18630419905335512953,158,158,-0.013993353582918643951,0,0
1.6542193216082292371e-05,2.9998777618685550372,0.099164315770900929303,0.18634156750309344153,5.5165974155209074326,0.89245132399603666062,2.8645140238172999148,0.18630427101059357509,159,159,-0.013980551622807979584,0,0
1.6542371086241892855e-05,2.9998770500941933648,0.099164358519644876799,0.18634206841113923336,5.5165975234663511273,0.89245135614979587135,2.86451399027495901,0.18630434767900910797,160,160,-0.013967748731374740601,0,0
1.6542551158157726727e-05,2.9998763770803766882,0.099164401506877761228,0.18634257551553362608,5.5165977339466172324,0.89245140967238456575,2.8645140238174344738,0.18630442133271438165,161,161,-0.013954945839941501617,0,0
1.654273345707121996e-05,2.999875649433586311,0.099164445238287407536,0.18634308888720690911,5.5165978455417672421,0.89245144280801502745,2.8645139902748915084,0.18630449972404228287,162,162,-0.013942142948508262634,0,0
1.6542918008464382992e-05,2.9998749603961210042,0.099164489217559090295,0.1863436085977626111,5.5165980597072028502,0.89245149732194628545,2.8645140238175370584,0.18630457511706899343,163,163,-0.013929340057075023651,0,0
1.6543104838213553977e-05,2.999874216477612876,0.099164533956359476874,0.18634413471991034816,5.5165981750438994879,0.89245153146415423517,2.8645139902747915883,0.18630465527465903119,164,164,-0.013916538096964359283,0,0
1.6543293972442723173e-05,2.9998735110127814352,0.099164578952669807377,0.18634466732705279313,5.5165983929873716463,0.89245158699441384798,2.8645140238176161063,0.18630473245083858935,165,165,-0.0139037352055311203,0,0
1.6543485437677584522e-05,2.9998727504141458056,0.099164624724151967383,0.18634520649371916212,5.5165985121596436969,0.89245162216848028525,2.8645139902747080995,0.1863048144190299904,166,166,-0.013890932314097881317,0,0
1.6543679260698741448e-05,2.9998720281089994444,0.099164670763072129689,0.18634575229515190631,5.5165987339761395347,0.89245167874062147906,2.8645140238177160263,0.18630489342319553336,167,167,-0.013878129422664642334,0,0
1.6543875468696046425e-05,2.9998712504125912837,0.099164717593097070902,0.18634630480774111438,5.5165988570799573409,0.8924517149723815157,2.8645139902746081795,0.18630497724733274811,168,168,-0.013865326531231403351,0,0
1.6544074089121701748e-05,2.9998705108448278089,0.099164764700777549566,0.18634686410861076022,5.5165990828665423251,0.8924517726125368311,2.8645140238177848602,0.18630505812533545984,169,169,-0.013852524571120738983,0,0
1.6544275149844914197e-05,2.9998697156234368499,0.099164812615800637663,0.18634743027605407684,5.5165992100002450016,0.89245180992843431422,2.8645139902745122562,0.18630514385179960946,170,170,-0.0138397216796875,0,0
1.6544478679004873833e-05,2.9998689583610436138,0.099164860818993671998,0.18634800338911935991,5.5165994398563089618,0.89245186866334091924,2.8645140238178719017,0.18630522665054272125,171,171,-0.013826918788254261017,0,0
1.6544684705165700042e-05,2.9998681451776731954,0.099164909846075191546,0.18634858352804631321,5.5165995711203725804,0.89245190709041521959,2.8645139902744234384,0.18630531432677913117,172,172,-0.013814115896821022034,0,0
1.6544893257169335628e-05,2.9998673697786739645,0.099164959172150290989,0.18634917077385146356,5.5165998051476448083,0.89245196694742801036,2.8645140238179944703,0.18630539909424659317,173,173,-0.013801313005387783051,0,0
1.6545104364290780848e-05,2.9998665381862696933,0.09916500933897401393,0.1863497652087653389,5.5165999406449257592,0.89245200651334588571,2.8645139902743834703,0.186305488768791494,174,174,-0.013788511045277118683,0,0
1.6545318056090899415e-05,2.9998657441986185113,0.099165059815921677289,0.18635036691581766122,5.5166001789471783567,0.89245206752041950082,2.8645140238180855086,0.18630557555406482284,175,175,-0.0137757081538438797,0,0
1.6545534362571947298e-05,2.9998648937398608716,0.099165111150806145579,0.18635097597927530177,5.5166003187828032139,0.89245210825347398576,2.8645139902742888793,0.18630566727657038584,176,176,-0.013762905262410640717,0,0
1.6545753314030273693e-05,2.9998640807010619191,0.099165162807267837053,0.186351592484227363,5.5166005614665216683,0.89245217043924296441,2.8645140238181752146,0.18630575612986247092,177,177,-0.013750102370977401733,0,0
1.6545974941212175088e-05,2.9998632109080713981,0.099165215339187068322,0.18635221651702368884,5.516600705748175848,0.89245221236839378243,2.864513990274222266,0.1863058499511258681,178,178,-0.01373729947954416275,0,0
1.6546199275166481032e-05,2.9998623783449116509,0.099165268204465487067,0.18635284816485986337,5.5166009529221531338,0.89245227576213359555,2.8645140238182693615,0.18630594092381377869,179,179,-0.013724497519433498383,0,0
1.6546426347400716521e-05,2.9998614887390111505,0.099165321963060576449,0.18635348751621658159,5.5166011017598384214,0.89245231891699361437,2.8645139902741223459,0.18630603689580715887,180,180,-0.013711694628000259399,0,0
1.6546656189733616621e-05,2.9998606361673214593,0.099165376067138794047,0.18635413466044434272,5.516601353535504515,0.89245238354867362229,2.8645140238183626202,0.18630613004045723513,181,181,-0.013698891736567020416,0,0
1.6546888834451580229e-05,2.9998597262587676227,0.099165431082736954504,0.18635478968820373691,5.5166015070418179533,0.89245242795954615733,2.8645139902740059945,0.18630622821635406394,182,182,-0.013686088845133781433,0,0
1.6547124314161086437e-05,2.999858853183192231,0.099165486456291029871,0.18635545269104969446,5.516601763533206082,0.8924524938598292767,2.864514023818480748,0.18630632358674661941,183,183,-0.01367328595370054245,0,0
1.6547362661945483727e-05,2.9998579224708543656,0.099165542759924632521,0.18635612376187285499,5.5166019218233541821,0.89245253955772241294,2.8645139902738958604,0.1863064240209569844,184,184,-0.013660483993589878082,0,0
1.6547603911217301296e-05,2.999857028384562696,0.099165599434341222818,0.18635680299448348363,5.5166021831470999359,0.89245260675798010475,2.8645140238186344028,0.18630652167211936288,185,185,-0.013647681102156639099,0,0
1.6547848095875356737e-05,2.9998560763555786046,0.099165657057769029947,0.18635749048405370054,5.5166023463390576609,0.89245265377462412726,2.8645139902738150361,0.1863066244203245847,186,186,-0.013634878210723400116,0,0
1.654809525015698944e-05,2.9998551607399219776,0.099165715065163931308,0.18635818632670120287,5.5166026126142586605,0.89245272230693395432,2.8645140238187378756,0.18630672440857079519,187,187,-0.013622075319290161133,0,0
1.6548345408795469809e-05,2.9998541868696535495,0.09916577404087600911,0.18635889061993224369,5.516602780828771202,0.89245277067480677236,2.8645139902737222215,0.18630682952773242045,188,188,-0.01360927242785692215,0,0
1.6548598606872171686e-05,2.9998532491938934008,0.099165833414116569267,0.18635960346222524286,5.5166030521775670792,0.89245284057201845762,2.8645140238188582238,0.1863069319106856192,189,189,-0.013596470467746257782,0,0
1.6548854879974286494e-05,2.9998522529453253149,0.099165893775367205953,0.18636032495347468196,5.5166032255381063365,0.89245289032434138576,2.8645139902736178605,0.18630703945910884189,190,190,-0.013583667576313018799,0,0
1.6549114264046900795e-05,2.9998512926663836176,0.099165954548083856679,0.18636105519457432655,5.5166035020853119164,0.89245296162005771645,2.8645140238189346071,0.18630714429573555502,191,191,-0.013570864684879779816,0,0
1.6549376795551079739e-05,2.9998502734900753808,0.099166016328899625476,0.18636179428786214807,5.5166036807183305157,0.89245301279084487955,2.8645139902735103909,0.18630725433307579464,192,192,-0.013558061793446540833,0,0
1.6549642511315836203e-05,2.9998492900521287474,0.099166078535513416115,0.18636254233670337954,5.5166039625918559253,0.89245308551946711528,2.8645140238190331949,0.18630736168372311057,193,193,-0.013545258902013301849,0,0
1.6549911448696515783e-05,2.9998482473857315256,0.099166141770718835291,0.18636329944593604813,5.5166041466267072835,0.89245313814351712178,2.8645139902734246817,0.18630747427103686031,194,194,-0.013532456941902637482,0,0
1.6550183645426735435e-05,2.9998472402199456432,0.099166205446456406891,0.18636406572145411409,5.51660443395743183,0.89245321234024965751,2.8645140238191695303,0.18630758419746515364,195,195,-0.013519654050469398499,0,0
1.6550459139777100515e-05,2.9998461734879784402,0.099166270171688081225,0.18636484127065389149,5.5166046235263612729,0.89245326645316114256,2.8645139902733220971,0.18630769939723687556,196,196,-0.013506851159036159515,0,0
1.6550737970407018051e-05,2.9998451420122571598,0.099166335352596612918,0.18636562620201671536,5.5166049164480872591,0.89245334215401994626,2.8645140238192556836,0.1863078119626492557,197,197,-0.013494048267602920532,0,0
1.6551020176523796639e-05,2.9998440506257306737,0.09916640160432943496,0.18636642062555663912,5.5166051116865704174,0.89245339779224241994,2.8645139902731706627,0.18630792983882921154,198,198,-0.013481245376169681549,0,0
1.6551305797734378408e-05,2.9998429942442395024,0.099166468327310644537,0.18636722465240260216,5.5166054103365844696,0.89245347503412553181,2.8645140238193951276,0.18630804510791651452,199,199,-0.013468443416059017181,0,0
1.6551594874204757397e-05,2.9998418776003492603,0.099166536142874905924,0.18636803839524720972,5.5166056113832473429,0.89245353223495871298,2.8645139902730569759,0.18630816572595548797,200,200,-0.013455640524625778198,0,0
1.6551887446511664087e-05,2.9998407957033452753,0.099166604445688394387,0.18636886196792873394,5.5166059159017217794,0.89245361105559239956,2.8645140238195407889,0.18630828376492278298,201,201,-0.013442837633192539215,0,0
1.6552183555802312421e-05,2.9998396531851172497,0.099166673863291615598,0.18636969548588067092,5.5166061228984117903,0.89245366985720941955,2.8645139902729193082,0.18630840719181082643,202,202,-0.013430034741759300232,0,0
1.6552483243646030133e-05,2.999838545148504565,0.099166743784588534671,0.18637053906571365847,5.5166064334289819371,0.89245375029522977517,2.864514023819705546,0.18630852806842101987,203,203,-0.013417231850326061249,0,0
1.6552786552194341193e-05,2.9998373761244567781,0.099166814843337350305,0.18637139282566606013,5.5166066465209464553,0.89245381073670493333,2.8645139902727909664,0.18630865437272248197,204,204,-0.013404429890215396881,0,0
1.655309352403252498e-05,2.9998362413093957457,0.099166886422680705637,0.18637225688518557765,5.5166069632105703135,0.89245389283164711092,2.8645140238198831817,0.18630877815633942185,205,205,-0.013391626998782157898,0,0
1.6553404202340074814e-05,2.9998350451331736721,0.099166959162602874578,0.18637313136538075087,5.5166071825464291223,0.89245395495297308308,2.8645139902726497461,0.18630890740823519147,206,206,-0.013378824107348918915,0,0
1.6553718630742172421e-05,2.9998338828858526206,0.099167032440483346423,0.18637401638860254249,5.5166075055454859566,0.89245403874530104815,2.8645140238200483829,0.18630903416984997967,207,207,-0.013366021215915679932,0,0
1.6554036853470502225e-05,2.9998326588958761363,0.099167106902550913872,0.18637491207889678169,5.5166077312774550734,0.89245410258742285947,2.8645139902725085257,0.18630916644117340164,208,208,-0.013353218324482440948,0,0
1.6554358915214685154e-05,2.99983146854706062,0.099167181920414515517,0.18637581856158547122,5.5166080607398528812,0.89245418811855392605,2.8645140238202073668,0.18630929625345254985,209,209,-0.013340416364371776581,0,0
1.6554684861283424963e-05,2.9998302160661043381,0.099167258146568015853,0.18637673596372023033,5.5166082930237116955,0.89245425372337805481,2.8645139902723539826,0.18630943161773624861,210,210,-0.013327613472938537598,0,0
1.6555014737455904777e-05,2.9998289969307094793,0.099167334946842294885,0.18637766441366365733,5.5166086291070364211,0.89245434103570731033,2.864514023820347699,0.18630956455506611502,211,211,-0.013314810581505298615,0,0
1.6555348590143285778e-05,2.9998277152656398492,0.099167412980008654011,0.18637860404154341087,5.5166088681022413809,0.89245440844613321829,2.8645139902721905578,0.18630970308757138776,212,212,-0.013302007690072059631,0,0
1.6555686466240056314e-05,2.9998264666424216962,0.099167491606123689407,0.1863795549788336281,5.5166092109678475097,0.89245449758306805155,2.8645140238205080152,0.18630983922609445358,213,213,-0.013289204798638820648,0,0
1.6556028413285906668e-05,2.9998251550836951829,0.099167571490246408938,0.18638051735881014381,5.5166094568376555785,0.89245456684300972228,2.8645139902720599956,0.18630998100386417238,214,214,-0.013276402838528156281,0,0
1.655637447931699685e-05,2.9998238762548430358,0.099167651986656862872,0.18638149131613140908,5.5166098066505879771,0.89245465784896838013,2.8645140238206723282,0.18631012042152295116,215,215,-0.013263599947094917297,0,0
1.6556724713028234559e-05,2.999822534076149072,0.09916773376671945972,0.18638247698729495938,5.5166100595621756497,0.89245472900338951305,2.8645139902719827241,0.18631026552342139224,216,216,-0.013250797055661678314,0,0
1.6557079163624485371e-05,2.9998212243068769212,0.099167816178931306181,0.18638347451021822221,5.5166104164913880581,0.89245482192383618347,2.8645140238208544048,0.18631040830000156205,217,217,-0.013237994164228439331,0,0
1.6557437880983209849e-05,2.9998198507646911537,0.09916789990098041907,0.18638448402469587339,5.5166106766156746133,0.89245489501873509486,2.8645139902718650404,0.18631055680676378294,218,218,-0.013225192204117774963,0,0
1.6557800915505663562e-05,2.9998185093027709414,0.099167984275581502751,0.18638550567198061692,5.5166110408342357019,0.89245498990022598118,2.8645140238210067274,0.18631070302394442395,219,219,-0.01321238931268453598,0,0
1.6558168318279879781e-05,2.9998171036359755348,0.099168069986755938428,0.18638653959524148496,5.5166113083463077515,0.89245506498270976703,2.8645139902717207114,0.18631085501821645356,220,220,-0.013199586421251296997,0,0
1.6558540140931845793e-05,2.9998157297114489417,0.099168156371432794605,0.18638758593914456219,5.5166116800313114155,0.89245516187289919419,2.864514023821129296,0.18631100475960471474,221,221,-0.013186783529818058014,0,0
1.6558916435788875222e-05,2.9998142911408884892,0.099168244119989520935,0.18638864485031236828,5.5166119551104833008,0.89245523899119683087,2.8645139902715781588,0.18631116032599048804,222,222,-0.013173980638384819031,0,0
1.6559297255730733522e-05,2.9998128839654381039,0.099168332563567149207,0.18638971647690444344,5.5166123344434216946,0.89245533793888609519,2.8645140238213113726,0.1863113136771838152,223,223,-0.013161178678274154663,0,0
1.6559682654353406712e-05,2.9998114116935226114,0.09916842239890304167,0.18639080096907764683,5.516612617273036534,0.89245541714234710717,2.8645139902714378266,0.18631147290229263525,224,224,-0.01314837578684091568,0,0
1.6560072685820196377e-05,2.9998099704601770554,0.099168512951360296426,0.18639189847856688087,5.5166130044394874332,0.89245551819747248601,2.8645140238214685802,0.18631162995091790635,225,225,-0.013135572895407676697,0,0
1.6560467405025874649e-05,2.9998084636703454819,0.09916860492404828975,0.18639300915914630563,5.51661329520732302,0.89245559953662723096,2.8645139902712437596,0.18631179292341870646,226,226,-0.013122770003974437714,0,0
1.656086686744774871e-05,2.999806987552990023,0.099168697636552893826,0.18639413316620997985,5.5166136903974587469,0.89245570275033669905,2.8645140238216337814,0.18631195375918127577,227,227,-0.01310996711254119873,0,0
1.6561271129310222355e-05,2.9998054454092817345,0.099168791798370098389,0.18639527065723429655,5.5166139892959673574,0.89245578627693411544,2.8645139902711105329,0.18631212056984719494,228,228,-0.013097165152430534363,0,0
1.6561680247435836777e-05,2.9998039335621888846,0.099168886723300764263,0.18639642179135826328,5.5166143927041773054,0.89245589170155104064,2.8645140238217847717,0.18631228528458487759,229,229,-0.01308436226099729538,0,0
1.6562094279410221763e-05,2.999802355208811111,0.099168983127251822407,0.1863975867298472977,5.5166146999302139164,0.89245597746855775956,2.8645139902709564339,0.18631245602634649572,230,230,-0.013071559369564056396,0,0
1.6562513283433126315e-05,2.9998008067661352527,0.099169080318238012062,0.18639876563567339685,5.5166151117558133166,0.89245608515768803937,2.8645140238219743978,0.18631262471408041592,231,231,-0.013058756478130817413,0,0
1.656293731848376287e-05,2.9997991913270252162,0.099169179018582548357,0.18639995867397987639,5.5166154275107972538,0.8924561732193152519,2.8645139902707921209,0.18631279948207180031,232,232,-0.01304595358669757843,0,0
1.6563366444171844698e-05,2.9997976054023247627,0.099169278530528953697,0.18640116601166159538,5.5166158479578131235,0.89245628322783132624,2.8645140238221915574,0.18631297223905962657,233,233,-0.013033151626586914062,0,0
1.6563800720903329921e-05,2.9997959519804662243,0.099169379582824693231,0.18640238781783088906,5.5166161724480629047,0.89245637363958540966,2.8645139902706229229,0.18631315113068788736,234,234,-0.013020348735153675079,0,0
1.6564240209731438582e-05,2.9997943276662888401,0.099169481471936646311,0.18640362426339759927,5.5166166017251772047,0.89245648602364835433,2.8645140238223745222,0.18631332805547343168,235,235,-0.013007545843720436096,0,0
1.6564684972522823568e-05,2.9997926353434052338,0.099169584933061410981,0.18640487552153617301,5.5166169351620402139,0.89245657884237539204,2.8645139902704586099,0.18631351117045585886,236,236,-0.012994742952287197113,0,0
1.6565135071808574126e-05,2.9997909717106541194,0.099169689256886878193,0.18640614176726574835,5.5166173734830561415,0.89245669365949997776,2.8645140238225912377,0.18631369236393222066,237,237,-0.01298194006085395813,0,0
1.6565590570950810303e-05,2.9997892395465961535,0.099169795185071810129,0.18640742317791825222,5.5166177160827629677,0.89245678894338165144,2.8645139902702974055,0.18631387980436356355,238,238,-0.012969138100743293762,0,0
1.6566051533993703408e-05,2.999787535644025116,0.099169902002531520879,0.18640871993271865281,5.5166181636666227206,0.89245690625245355232,2.8645140238228483653,0.18631406536982922373,239,239,-0.012956335209310054779,0,0
1.6566518025830460079e-05,2.9997857626763013705,0.099170010457392029912,0.18641003221325400108,5.5166185156504745635,0.89245700406105277214,2.8645139902701246548,0.1863142572402332886,240,240,-0.012943532317876815796,0,0
1.6566990112054366462e-05,2.999784017530088942,0.099170119828804845219,0.18641136020305373866,5.5166189727212229243,0.89245712392234943788,2.8645140238230970553,0.18631444728344079276,241,241,-0.012930729426443576813,0,0
1.6567467859126209357e-05,2.999782202773169093,0.099170230871384490445,0.18641270408806007164,5.5166193343159735107,0.89245722431665863716,2.8645139902699336965,0.18631464369084035915,242,242,-0.01291792653501033783,0,0
1.6567951334225316997e-05,2.9997804153862661636,0.099170342858508786499,0.18641406405620802866,5.5166198011029772275,0.89245734679189558936,2.8645140238233235408,0.18631483832006684453,243,243,-0.012905124574899673462,0,0
1.6568440605417424045e-05,2.9997785578312687882,0.099170456551299135395,0.18641544029789716697,5.516620172540700473,0.89245744983436092745,2.864513990269707655,0.18631503937402504878,244,244,-0.012892321683466434479,0,0
1.6568935741505708988e-05,2.9997767271828341684,0.099170571217368691519,0.18641683300557165825,5.516620649278924482,0.89245757498673461416,2.8645140238235562435,0.18631523870013019795,245,245,-0.012879518792033195496,0,0
1.6569436812199133465e-05,2.9997748257967300489,0.099170687624357684031,0.18641824237419307719,5.5166210307973235771,0.89245768074129594449,2.8645139902694918277,0.18631544451283121866,246,246,-0.012866715900599956512,0,0
1.6569943887963462724e-05,2.9997729508416886013,0.099170805034106815357,0.18641966860082057056,5.5166215177271276104,0.89245780863549195594,2.8645140238237702945,0.18631564864931143832,247,247,-0.012853913009166717529,0,0
1.6570457040190069125e-05,2.9997710045668712908,0.099170924220805353744,0.18642111188508486697,5.5166219095694684071,0.89245791716760913825,2.8645139902692320355,0.18631585933561248258,248,248,-0.012841111049056053162,0,0
1.657097634104698648e-05,2.9997690842351310003,0.099171044440520078611,0.18642257242876858481,5.5166224069371061489,0.89245804786987203983,2.8645140238239643615,0.18631606839868009029,249,249,-0.012828308157622814178,0,0
1.6571501863648143842e-05,2.9997670919887489127,0.09917116647400646412,0.18642405043628121342,5.5166228093527731602,0.8924581592465925528,2.8645139902690459621,0.18631628407617625842,250,250,-0.012815505266189575195,0,0
1.657203368190447406e-05,2.9997651251846155773,0.099171289571558254861,0.18642554611423969857,5.5166233174103771475,0.89245829282474109512,2.8645140238242330355,0.18631649818482334813,251,251,-0.012802702374756336212,0,0
1.6572571870693577863e-05,2.9997630858580257573,0.099171414520505027368,0.18642705967194458938,5.5166237306542749153,0.89245840711467072648,2.8645139902688558919,0.18631671897391816062,252,252,-0.012789899483323097229,0,0
1.6573116505710890008e-05,2.99976107145980464,0.099171540565377136467,0.1864285913209606238,5.5166242496598352218,0.89245854363813603705,2.8645140238244684028,0.1863169382499669513,253,253,-0.012777097523212432861,0,0
1.6573667663639807539e-05,2.9997589839179030768,0.099171668500099535715,0.18643014127559426329,5.5166246739931592558,0.89245866091154257838,2.8645139902686440614,0.18631716427393743563,254,254,-0.012764294631779193878,0,0
1.6574225422002886431e-05,2.9997569207770373723,0.099171797563441493883,0.18643170975247427834,5.5166252042110546228,0.89245880045143100023,2.8645140238247224218,0.18631738884212439844,255,255,-0.012751491740345954895,0,0
1.6574789859332437412e-05,2.9997547838576044121,0.099171928555934971139,0.1864332969710304766,5.5166256399012274514,0.89245892078025690353,2.8645139902684491062,0.18631762022719358662,256,256,-0.012738688848912715912,0,0
1.6575361055021780199e-05,2.9997526707981956307,0.099172060710590578814,0.18643490315307451044,5.5166261816019925845,0.89245906340936298484,2.8645140238249915399,0.18631785021523020185,257,257,-0.012725885957479476929,0,0
1.6575939089496327216e-05,2.9997504833112533795,0.099172194834570778776,0.18643652852327993741,5.5166266289228236275,0.89245918686726688485,2.8645139902682608124,0.18631808709063690799,258,258,-0.012713083997368812561,0,0
1.6576524044064864936e-05,2.9997483191292242388,0.099172330155130383744,0.18643817330876291671,5.5166271823835559829,0.89245933266012966723,2.8645140238252815301,0.18631832262929395871,259,259,-0.012700281105935573578,0,0
1.6577116001091128872e-05,2.999746079856411729,0.099172467486071502751,0.18643983773956374073,5.5166276416152557616,0.89245945932251891097,2.8645139902680352151,0.1863185651273643606,260,260,-0.012687478214502334595,0,0
1.6577715043845156077e-05,2.9997438633189852375,0.099172606048904529685,0.18644152204822761476,5.5166282071196262038,0.89245960835545468104,2.8645140238255386578,0.18631880635053266193,261,261,-0.012674675323069095612,0,0
1.6578321256675344637e-05,2.999741571012783492,0.099172746664091052105,0.18644322647028752082,5.5166286785494138556,0.89245973829956937173,2.8645139902678384836,0.18631905460675687869,262,262,-0.012661872431635856628,0,0
1.6578934724859860372e-05,2.999739300857712454,0.099172888547393117653,0.18644495124384510842,5.5166292563878132071,0.89245989065071407165,2.8645140238258024468,0.18631930165153090528,263,263,-0.012649070471525192261,0,0
1.6579555534779211336e-05,2.9997369542408458543,0.099173032525953469518,0.18644669661005480732,5.5166297403096349328,0.89246002395562951115,2.8645139902676630683,0.18631955580463580024,264,264,-0.012636267580091953278,0,0
1.6580183773767712114e-05,2.9997346291757733816,0.099173177809787710357,0.18644846281270510691,5.5166303307794546384,0.89246017970499225136,2.8645140238260959897,0.18631980881138171524,265,265,-0.012623464688658714294,0,0
1.6580819530286576699e-05,2.9997322269403969841,0.099173325232742776114,0.1864502500987038347,5.5166308274941089351,0.89246031645165435631,2.864513990267447241,0.18632006900341788191,266,266,-0.012610661797225475311,0,0
1.6581462893775437007e-05,2.9997298456420740109,0.099173473999088795905,0.1864520587176595745,5.5166314308999524485,0.8924604756811699291,2.8645140238263997468,0.18632032811585849674,267,267,-0.012597858905792236328,0,0
1.6582113954825974467e-05,2.9997273864490656692,0.099173624949399560857,0.1864538889223684992,5.5166319407155786081,0.89246061595247072606,2.8645139902672211996,0.18632059449227292292,268,268,-0.01258505694568157196,0,0
1.6582772805033519845e-05,2.9997249475625169524,0.099173777282202821293,0.18645574096839581668,5.5166325573693049122,0.89246077874602924851,2.8645140238267172705,0.18632085985757887436,269,269,-0.012572254054248332977,0,0
1.6583439537171172726e-05,2.9997224300407938635,0.099173931844811630265,0.18645761511456396264,5.5166330806013279542,0.89246092262684006968,2.8645139902669654042,0.18632113256729471162,270,270,-0.012559451162815093994,0,0
1.6584114245041533484e-05,2.999719932178752213,0.099174087830019228007,0.18645951162253440736,5.5166337108221483732,0.89246108907032839497,2.8645140238269988231,0.18632140433614841069,271,271,-0.012546648271381855011,0,0
1.6584797023651324198e-05,2.9997173549244022794,0.099174246091905851608,0.18646143075729715299,5.51663424779373468,0.89246123664757182059,2.8645139902667073883,0.18632168353165454167,272,272,-0.012533845379948616028,0,0
1.6585487969063225655e-05,2.9997147966663795238,0.099174405817525831952,0.18646337278675279014,5.5166348919086480862,0.89246140682894559149,2.8645140238273247846,0.18632196185834695723,273,273,-0.01252104341983795166,0,0
1.658618717857104376e-05,2.9997121582419792318,0.099174567867745699878,0.18646533798220329969,5.5166354429504744772,0.89246155819160100098,2.8645139902664404907,0.1863222476957778484,274,274,-0.012508240528404712677,0,0
1.6586894750551631238e-05,2.999709538133469966,0.099174731423894588178,0.18646732661793449792,5.5166361012942362052,0.89246173220091706835,2.8645140238276574074,0.18632253273829868512,275,275,-0.012495437636971473694,0,0
1.6587610784640606314e-05,2.9997068370672237414,0.099174897353636312647,0.18646933897170828165,5.516636666745045936,0.89246188744011101246,2.8645139902661935771,0.18632282537752359319,276,276,-0.012482634745538234711,0,0
1.6588335381584406547e-05,2.9997041536189983368,0.099175064832583703645,0.18647137532434526763,5.5166373396603995971,0.89246206536957650712,2.8645140238280215605,0.18632311729763739727,277,277,-0.012469831854104995728,0,0
1.6589068643416522508e-05,2.9997013884038077336,0.09917523473522260602,0.18647343596021836998,5.5166379198669588391,0.89246222457860213684,2.8645139902659306763,0.18632341690236225995,278,278,-0.01245702989399433136,0,0
1.6589810673309690527e-05,2.9996986400909402271,0.099175406231451893047,0.18647552116683593915,5.5166386077049445191,0.89246240652263930659,2.8645140238284043654,0.18632371586571191968,279,279,-0.012444227002561092377,0,0
1.6590561575752685417e-05,2.9996958091837333527,0.099175580202595273183,0.18647763123533669938,5.5166392030223221354,0.8924625697970294258,2.8645139902656597819,0.18632402260355504509,280,280,-0.012431424111127853394,0,0
1.659132145640264874e-05,2.9996929944448869065,0.099175755812847959936,0.18647976646007319301,5.5166399061423359029,0.89246275585231837901,2.8645140238288084866,0.18632432877974305918,281,281,-0.01241862121969461441,0,0
1.6592090422262437187e-05,2.9996900962656614098,0.09917593395039255022,0.18648192713910827223,5.5166405169340890779,0.89246292328988785503,2.8645139902653680153,0.18632464282233682229,282,282,-0.012405818328261375427,0,0
1.6592868581533086372e-05,2.9996872135020851147,0.09917611377372917425,0.18648411357379873765,5.5166412357040499614,0.89246311355541763088,2.8645140238291806334,0.186324956385034185,283,283,-0.01239301636815071106,0,0
1.6593656043791748741e-05,2.9996842464330040201,0.099176296177919912034,0.1864863260692933844,5.5166418623425848011,0.89246328525634266438,2.864513990265062926,0.18632527790812297708,284,284,-0.012380213476717472076,0,0
1.6594452919844275958e-05,2.9996812940077615117,0.09917648031577082357,0.18648856493411702928,5.5166425971392989425,0.89246347983348250921,2.8645140238295758728,0.1863255990351520841,285,285,-0.012367410585284233093,0,0
1.659525932190377006e-05,2.9996782563922623766,0.099176667089252712461,0.18649083048067011115,5.5166432400058376118,0.8924636559003250591,2.8645139902647502872,0.18632592821869123356,286,286,-0.01235460769385099411,0,0
1.6596075363443308146e-05,2.9996752326291282742,0.099176855645483438795,0.18649312302481291237,5.5166439912151359337,0.8924638548928658377,2.8645140238299680036,0.18632625709214409304,287,287,-0.012341804802417755127,0,0
1.6596901159375083068e-05,2.9996721227710319013,0.099177046893359724344,0.18649544288636688005,5.5166446507000967969,0.89246403543065355723,2.8645139902644376484,0.18632659412039584423,288,288,-0.012329002842307090759,0,0
1.6597736825903294138e-05,2.9996690259536946677,0.099177239974321568239,0.18649779038869915282,5.5166454187169922108,0.89246423894486714978,2.8645140238303481439,0.18632693092672386603,289,289,-0.012316199950873851776,0,0
1.659858248070388752e-05,2.9996658421161921382,0.099177435804215299808,0.18650016585922543633,5.51664609522016125,0.89246442406114334656,2.8645139902641134633,0.18632727598836756888,290,290,-0.012303397059440612793,0,0
1.6599438242777623116e-05,2.9996626704872948466,0.099177633518808414048,0.1865025696289950019,5.5166468804492927447,0.89246463220587224363,2.8645140238307895686,0.18632762091848484309,291,291,-0.01229059416800737381,0,0
1.6600304232630411271e-05,2.9996594108919722999,0.099177834040923354419,0.18650500203319497761,5.5166475743800722498,0.89246482201076093865,2.8645139902638625529,0.18632797420672275734,292,292,-0.012277792207896709442,0,0
1.6601180572126582948e-05,2.9996561626520970023,0.099178036500652697049,0.18650746341073595747,5.5166483772354526494,0.89246503489741701998,2.864514023831234546,0.18632832745611982439,293,293,-0.012264989316463470459,0,0
1.6602067384669846461e-05,2.9996528254780234768,0.099178241827828972355,0.18650995410475793013,5.516649089012916285,0.89246522950366868887,2.8645139902635801121,0.18632868916877995402,294,294,-0.012252186425030231476,0,0
1.6602964795056713502e-05,2.9996494987845552238,0.099178449146880981457,0.18651247446221605464,5.5166499099187591426,0.89246544724635967771,2.8645140238316715298,0.18632905093763973969,295,295,-0.012239383533596992493,0,0
1.660387292965812334e-05,2.9996460821672488173,0.09917865939466075087,0.18651502483438847646,5.5166506399720116605,0.89246564676942852223,2.8645139902632590356,0.18632942127728677195,296,296,-0.01222658064216375351,0,0
1.6604791916273061966e-05,2.9996426751335314442,0.099178871689955469537,0.18651760557646251959,5.5166514793627650093,0.89246586948500539194,2.8645140238321369353,0.18632979177058156539,297,297,-0.012213778682053089142,0,0
1.6605721884310816486e-05,2.9996391771636869983,0.09917908697666166784,0.1865202170480441124,5.5166522281313676856,0.89246607404312550127,2.864513990262972154,0.18633017094465054164,298,298,-0.012200975790619850159,0,0
1.6606662964644790785e-05,2.9996356878578982474,0.099179304367918788565,0.18652285961274442383,5.5166530864516643007,0.89246630185121933465,2.8645140238326129989,0.18633055037226758932,299,299,-0.012188172899186611176,0,0
1.6607615289795451088e-05,2.9996321065806759165,0.099179524814697911372,0.18652553363869101011,5.516653854385453748,0.89246651156543577166,2.8645139902626244321,0.18633093859315036367,300,300,-0.012175370007753372192,0,0
1.6608578993784338141e-05,2.9996285330246865719,0.099179747424512160192,0.18652823949811506155,5.516654732090817248,0.89246674458856700696,2.864514023833091283,0.18633132717000952527,301,301,-0.012162567116320133209,0,0
1.6609554212317666682e-05,2.9996248664383124982,0.099179973155423345466,0.18653097756786415906,5.5166555196506310565,0.89246695958284183448,2.8645139902622673844,0.18633172465519753924,302,302,-0.012149765156209468842,0,0
1.6610541082640574792e-05,2.9996212066065850443,0.099180201109329457765,0.18653374822898993735,5.5166564172073817574,0.89246719794645823498,2.8645140238335708993,0.18633212260137657634,303,303,-0.012136962264776229858,0,0
1.6611539743721390823e-05,2.9996174526614867162,0.099180432251398886745,0.18653655186726267323,5.5166572248650336263,0.89246741834772880253,2.8645139902619081163,0.18633252957356391533,304,304,-0.012124159373342990875,0,0
1.661255033610614025e-05,2.9996137044800392779,0.099180665677937249192,0.18653938887275964276,5.5166581427506473645,0.89246766218028061868,2.8645140238340536243,0.1863329371144096247,305,305,-0.012111356481909751892,0,0
1.6613573002103483454e-05,2.9996098610773724857,0.09918090236124789405,0.18654225964038123609,5.5166589709894235938,0.89246788811853550172,2.8645139902615714966,0.18633335380164478545,306,306,-0.012098553590476512909,0,0
1.6614607885639473284e-05,2.9996060224225531421,0.099181141392041025084,0.18654516456943995295,5.5166599096927884105,0.89246813755155407488,2.8645140238345581096,0.18633377116790802996,307,307,-0.012085751630365848541,0,0
1.6615655132443184032e-05,2.9996020874132880429,0.099181383749789395199,0.18654810406417829394,5.5166607590074283607,0.8924683691598892521,2.8645139902612406502,0.18633419780370105712,308,308,-0.012072948738932609558,0,0
1.6616714889901733262e-05,2.9995981561105815594,0.099181628519615816497,0.18655107853335847756,5.5166617190291953321,0.89246862432805740273,2.8645140238350705886,0.18633462523166352542,309,309,-0.012060145847499370575,0,0
1.6617787307246635842e-05,2.9995941272941815114,0.099181876688195044767,0.18655408839078194139,5.5166625899263666,0.89246886174276574,2.8645139902609195737,0.18633506205512617715,310,310,-0.012047342956066131592,0,0
1.6618872535409069728e-05,2.9995901011169663342,0.099182127335067135632,0.18655713405487972523,5.5166635717791949745,0.89246912278400014618,2.864514023835600387,0.18633549978673838443,311,311,-0.012034540064632892609,0,0
1.6619970727206971991e-05,2.9995859762402345972,0.099182381454136075982,0.18656021594923397067,5.5166644647775093802,0.89246936614461980231,2.8645139902605341042,0.1863359470427131126,312,312,-0.012021738104522228241,0,0
1.6621082037200568874e-05,2.9995818529085567228,0.099182638119378357944,0.18656333450216869285,5.5166654689865346484,0.89246963320016547971,2.864514023836152834,0.18633639532572573994,313,313,-0.012008935213088989258,0,0
1.662220662188021721e-05,2.999577629664228251,0.099182898331952859539,0.1865664901472732784,5.5166663846172667718,0.8924698826495996995,2.8645139902601588489,0.18633685326493307222,314,314,-0.011996132321655750275,0,0
1.6623344639522232637e-05,2.9995734068435266906,0.09918316116027704743,0.18656968332299400659,5.5166674117200082961,0.89247015586407141274,2.8645140238367221563,0.18633731235304074048,315,315,-0.011983329430222511292,0,0
1.6624496250377462849e-05,2.999569082869202763,0.099183427612796276618,0.18657291447315918487,5.516668350527146103,0.8924704115486559175,2.8645139902598102388,0.18633778123220204326,316,316,-0.011970526538789272308,0,0
1.6625661616527437684e-05,2.9995647581689079963,0.099183696752389097218,0.18657618404657155819,5.5166694010740631171,0.89247069107013010658,2.8645140238373110186,0.18633825138518966824,317,317,-0.011957724578678607941,0,0
1.6626840902073684376e-05,2.9995603310455511981,0.099183969594806006831,0.18657949249753530419,5.5166703636145166811,0.89247095313969770913,2.8645139902594292103,0.18633873146718990532,318,318,-0.011944921687245368958,0,0
1.6628034272994206294e-05,2.9995559020178732546,0.09918424519740876022,0.18658284028544919186,5.5166714381694195168,0.89247123911982473299,2.8645140238379411812,0.18633921295106820049,319,319,-0.011932118795812129974,0,0
1.6629241897333577461e-05,2.9995513692684867557,0.099184524583273772635,0.18658622787533546417,5.5166724250134722141,0.89247150772780048378,2.8645139902590339709,0.18633970450509790284,320,320,-0.011919315904378890991,0,0
1.6630463945059726228e-05,2.9995468334070132244,0.099184806804263656033,0.18658965573743363509,5.5166735241534397005,0.89247180032183992537,2.8645140238385216058,0.18634019759225881052,321,321,-0.011906513012945652008,0,0
1.6631700588254839555e-05,2.9995421924952538895,0.099185092890813827959,0.18659312434773156486,5.5166745358852358194,0.89247207562535302294,2.8645139902586160829,0.1863407008939650944,322,322,-0.01189371105283498764,0,0
1.6632952000972492271e-05,2.9995375472335212841,0.099185381889298845914,0.18659663418755992326,5.5166756602014599409,0.89247237499231502067,2.8645140238391535448,0.18634120586333152714,323,323,-0.011880908161401748657,0,0
1.6634218359429334019e-05,2.9995327955622577143,0.099185674837542425752,0.18660018574412515213,5.5166766974189815897,0.89247265715224299854,2.8645139902581915337,0.18634172119497760534,324,324,-0.011868105269968509674,0,0
1.6635499841862577659e-05,2.9995280382723121804,0.099185970776447945907,0.18660377951010490016,5.5166778475167763673,0.89247296345495008563,2.8645140238398321131,0.18634223833216576049,325,325,-0.011855302378535270691,0,0
1.6636796628722509521e-05,2.9995231731822045163,0.099186270751255065092,0.1866074159841829283,5.5166789108323488477,0.89247325263602472756,2.8645139902577478885,0.18634276598278418091,326,326,-0.011842499487102031708,0,0
1.6638108902530353896e-05,2.9995183011731207934,0.099186573797415578113,0.18661109567064534942,5.5166800873315207099,0.89247356604120187118,2.8645140238405302213,0.18634329558026313522,327,327,-0.01182969752699136734,0,0
1.663943684807158628e-05,2.9995133199411356806,0.09918688096761289763,0.1866148190799175044,5.5166811773722574941,0.89247386241212411928,2.8645139902573077961,0.1863438358458185673,328,328,-0.011816894635558128357,0,0
1.6640780652254201044e-05,2.9995083304575529404,0.099187191291864124087,0.18661858672816131199,5.5166823809074569951,0.89247418309049530993,2.8645140238412660771,0.18634437820307156453,329,329,-0.011804091744124889374,0,0
1.6642140504302875103e-05,2.9995032302953816838,0.099187505830331146317,0.18662239913781394907,5.5166834983155759176,0.89247448682401275821,2.8645139902568970136,0.18634493138663082989,330,330,-0.011791288852691650391,0,0
1.6643516595617611673e-05,2.9994981205159541027,0.099187823607605238307,0.18662625683718622738,5.5166847295366032711,0.89247481495038771815,2.864514023842032131,0.18634548681032364614,331,331,-0.011778485961258411407,0,0
1.6644909119968774683e-05,2.9994928985685440637,0.099188145691366205736,0.18663016036100335548,5.5166858749696450204,0.89247512622338820432,2.8645139902564853429,0.18634605322222105861,332,332,-0.01176568400114774704,0,0
1.6646318273356149276e-05,2.9994876656042293028,0.099188471100799216473,0.18663411025000412047,5.516687134541956361,0.89247546197677729563,2.8645140238428079549,0.18634662202638668793,333,333,-0.011752881109714508057,0,0
1.6647744254204846969e-05,2.9994823189481008008,0.099188800911127361637,0.18663810705148400904,5.51668830867321347,0.89247578097039081957,2.8645139902560359246,0.18634720198440513084,334,334,-0.011740078218281269073,0,0
1.6649187263224789673e-05,2.9994769598407389211,0.099189134136149686993,0.18664215131889516641,5.5166895972782787894,0.89247612453410740674,2.864514023843594881,0.18634778449060163119,335,335,-0.01172727532684803009,0,0
1.6650647503607502543e-05,2.9994714854823785188,0.099189471858668165627,0.18664624361239168238,5.5166908007972468297,0.89247645143381237887,2.8645139902555643019,0.18634837832014705672,336,336,-0.011714472435414791107,0,0
1.6652125180886048615e-05,2.9994659972028459016,0.099189813087115705215,0.1866503844984305216,5.5166921191328333052,0.89247680299555665062,2.8645140238443591585,0.18634897485765655745,337,337,-0.01170167047530412674,0,0
1.6653620503132733068e-05,2.9994603920770228633,0.099190158911904857675,0.18665457455031911338,5.5166933527457686637,0.89247713799130634627,2.8645139902551286504,0.18634958289194042402,338,338,-0.011688867583870887756,0,0
1.6655133680819474932e-05,2.9994547715236885566,0.099190508336116575694,0.18665881434781714243,5.5166947015262284282,0.89247749774327134187,2.8645140238451092252,0.18635019379794270922,339,339,-0.011676064692437648773,0,0
1.6656664927016460022e-05,2.9994490324917175705,0.099190862457818773645,0.18666310447768644232,5.516695965956225578,0.89247784102956972951,2.8645139902546934429,0.18635081637817627054,340,340,-0.01166326180100440979,0,0
1.665821445725297682e-05,2.9994432764886136411,0.099191220274754021702,0.18666744553329386869,5.5166973459133403779,0.8924782091685858898,2.8645140238459161353,0.18635144199794048681,341,341,-0.011650458909571170807,0,0
1.6659782489716994374e-05,2.9994374003367085812,0.099191582892675184135,0.18667183811516330216,5.516698641900637412,0.89247856094458166698,2.8645139902542520183,0.1863520794735150643,342,342,-0.011637656949460506439,0,0
1.6661369245116513171e-05,2.9994315056317732981,0.099191949304020712863,0.1866762828305796873,5.5167000537837527219,0.89247893767220298766,2.8645140238467727833,0.18635272016059614697,343,343,-0.011624854058027267456,0,0
1.6662974946880091716e-05,2.9994254890690554838,0.099192320622255678031,0.18668078029414328367,5.5167013820864081453,0.89247929814182558328,2.8645139902537959387,0.18635337288929570976,344,344,-0.011612051166594028473,0,0
1.6664599821018695458e-05,2.999419452332390712,0.099192695834534147514,0.18668533112737489832,5.5167028266627529121,0.89247968366443730659,2.8645140238476458627,0.18635402900572731189,345,345,-0.01159924827516078949,0,0
1.6666244096327212707e-05,2.9994132919892080302,0.099193076062073587407,0.18668993595927227402,5.5167041880570559798,0.89248005303651667397,2.8645139902533176546,0.18635469735391543833,346,346,-0.011586445383727550507,0,0
1.6667908004246835492e-05,2.9994071098110826057,0.099193460286768647682,0.18669459542591662626,5.5167056661123741179,0.8924804475654649627,2.8645140238485571338,0.18635536927042345434,347,347,-0.011573643423616886139,0,0
1.6669591779067530934e-05,2.9994008022369804678,0.099193849637623690563,0.18669931017103122417,5.5167070613932889245,0.89248082605384460031,2.8645139902528384823,0.18635605361326204599,348,348,-0.011560840532183647156,0,0
1.6671295657791001475e-05,2.9993944711260307479,0.099194243091291253722,0.18670408084558923201,5.5167085737320551431,0.89248122980553923345,2.8645140238494879448,0.1863567417094662837,349,349,-0.011548037640750408173,0,0
1.6673019880334172688e-05,2.9993880127879553044,0.099194641784607406887,0.18670890810837462159,5.516710003713695798,0.89248161762920374951,2.86451399025237885,0.18635744243111376783,350,350,-0.011535234749317169189,0,0
1.6674764689392678672e-05,2.9993815291691516833,0.099195044689002018212,0.18671379262559109624,5.5167115511596849231,0.8924820308252409129,2.8645140238504382957,0.18635814709574588521,351,351,-0.011522431857883930206,0,0
1.6676530330645413728e-05,2.9993749164493959114,0.099195452949186177505,0.18671873507142563997,5.5167130166757125664,0.89248242820843193268,2.8645139902519369812,0.18635886458958209055,352,352,-0.011509629897773265839,0,0
1.6678317052618590351e-05,2.9993682766620728408,0.099195865531385749025,0.1867237361276584684,5.5167146000725182375,0.89248285107573421815,2.8645140238514295028,0.18635958622070233903,353,353,-0.011496827006340026855,0,0
1.6680125106891324289e-05,2.9993615058562981268,0.099196283588227296413,0.1867287964842291037,5.516716101976439468,0.89248325824805463391,2.8645139902514613617,0.18636032088954571084,354,354,-0.011484024114906787872,0,0
1.6681954747960315948e-05,2.9993547061520842156,0.099196706080761976043,0.18673391683884765779,5.5167177221879777349,0.89248369101899638345,2.8645140238524349208,0.18636105989476794975,355,355,-0.011471221223473548889,0,0
1.6683806233446489163e-05,2.9993477734671936119,0.099197134169568546014,0.18673909789756315547,5.5167192613538826862,0.8924841082155690053,2.8645139902509568763,0.18636181215110556031,356,356,-0.011458418332040309906,0,0
1.6685679823960296016e-05,2.9993408100079688161,0.099197566810548129523,0.1867443403743763719,5.5167209192647428395,0.89248455112810276546,2.8645140238534474442,0.18636256894782446403,357,357,-0.011445616371929645538,0,0
1.6687575783309463527e-05,2.9993337115600806619,0.099198005172272091245,0.18674964499181059829,5.5167224965876817677,0.8924849785896974419,2.8645139902504248575,0.18636333921403691605,358,358,-0.011432813480496406555,0,0
1.6689494378364891396e-05,2.9993265804158011356,0.099198448205522649079,0.18675501248052572834,5.5167241931037960256,0.89248543188749740462,2.8645140238545141464,0.1863641142296619535,359,359,-0.011420010589063167572,0,0
1.6691435879269560824e-05,2.9993193122279815377,0.099198897086901688391,0.1867604435798915774,5.5167258095003601781,0.89248586986066336113,2.8645139902499208162,0.18636490293826751818,360,360,-0.011407207697629928589,0,0
1.6693400559305079386e-05,2.9993120093744085608,0.099199350762103427614,0.18676593903760344006,5.5167275455492932323,0.89248633379323183412,2.8645140238556181522,0.18636569661047192037,361,361,-0.011394405737519264221,0,0
1.6695388695101690994e-05,2.9993045673744456181,0.099199810415799241636,0.18677149961025790725,5.5167292019580171925,0.89248678253043289832,2.8645139902494003437,0.18636650420437333997,362,362,-0.011381602846086025238,0,0
1.669740056650553567e-05,2.9992970886909722239,0.099200274988627726303,0.18677712606296975606,5.5167309784897931024,0.892487257353284269,2.86451402385680165,0.18636731698133143786,363,363,-0.011368799954652786255,0,0
1.6699436456789818248e-05,2.9992894687091702366,0.09920074567336388538,0.18678281916995059797,5.5167326758716672686,0.89248771711303831466,2.8645139902488807593,0.18636814391405745472,364,364,-0.011355997063219547272,0,0
1.6701496652522728831e-05,2.999281809976578117,0.099201221405625789052,0.18678857971412696215,5.5167344938589115699,0.8924882030878011907,2.8645140238580126812,0.18636897625469456274,365,365,-0.011343194171786308289,0,0
1.6703581443779837997e-05,2.9992740077433230894,0.099201703386339906698,0.18679440848772171924,5.5167362331980500656,0.89248867413483234934,2.8645139902483132133,0.18636982299066306989,366,366,-0.011330392211675643921,0,0
1.6705691124012711827e-05,2.9992661646413196763,0.099202190546129914717,0.18680030629187369118,5.5167380936368388689,0.89248917152942763842,2.8645140238592405879,0.18637067536492141206,367,367,-0.011317589320242404938,0,0
1.670782599026251328e-05,2.9992581757847904811,0.099202684094119308877,0.18680627393722157303,5.5167398759411305775,0.89248965413483316578,2.8645139902477581018,0.18637154237969097426,368,368,-0.011304786428809165955,0,0
1.6709986343029369391e-05,2.9992501438896521648,0.099203182955963586931,0.18681231224352518039,5.5167417798512730087,0.89249016322359042697,2.8645140238604684946,0.18637241526878950415,369,369,-0.011291983537375926971,0,0
1.6712172486487182209e-05,2.9992419639333172121,0.099203688349040045069,0.18681842204025203569,5.5167436061528594138,0.89249065766498014707,2.8645139902472163129,0.18637330304933344416,370,370,-0.011279180645942687988,0,0
1.6714384728353788811e-05,2.9992337387153282791,0.099204199194060704858,0.18682460416620025323,5.5167455545788417481,0.89249117872883443336,2.8645140238617674555,0.18637419694604476228,371,371,-0.011266378685832023621,0,0
1.6716623380107008918e-05,2.99922536307547416,0.099204716716702820434,0.1868308594700878178,5.5167474259345228305,0.8924916852904681841,2.8645139902467060544,0.18637510599102383169,372,372,-0.011253575794398784637,0,0
1.6718888756855587561e-05,2.9992169398965442539,0.099205239832764649521,0.18683718881017691293,5.5167494199458007031,0.89249221861708871728,2.8645140238631277008,0.18637602139993952877,373,373,-0.011240772902965545654,0,0
1.6721181177556533576e-05,2.9992083638797022438,0.099205769776280011696,0.18684359305486625269,5.5167513374377303847,0.89249273759004599249,2.8645139902462037895,0.18637695221998251682,374,374,-0.011227970011532306671,0,0
1.6723500964886865261e-05,2.9991997379905996901,0.099206305458164265043,0.18685007308231679768,5.5167533781295219342,0.89249328347401701844,2.8645140238645470099,0.18637788965781287853,375,375,-0.011215167120099067688,0,0
1.6725848445462260071e-05,2.9991909567909900147,0.099206848120848512007,0.1868566297810469734,5.5167553428656628256,0.89249381515635062279,2.8645139902456464576,0.18637884277580007986,376,376,-0.01120236515998840332,0,0
1.6728223949709623597e-05,2.9991821233288269433,0.099207396670409800365,0.18686326404956019043,5.5167574313594718305,0.89249437389932406717,2.8645140238659623222,0.18637980277165064336,377,377,-0.011189562268555164337,0,0
1.6730627812087091127e-05,2.9991731320255410331,0.099207952357727099968,0.18686997679694258845,5.5167594444747036775,0.89249491859627427814,2.8645139902450904579,0.18638077872301503368,378,378,-0.011176759377121925354,0,0
1.6733060370957443649e-05,2.9991640860109378686,0.099208514084071761086,0.18687676894249258264,5.5167615819190745086,0.89249549050715537568,2.8645140238674673405,0.18638176181869625658,379,379,-0.011163956485688686371,0,0
1.6735521968809461286e-05,2.9991548795652942516,0.099209083108815335206,0.18688364141632135551,5.5167636445753549523,0.8924960485312692926,2.8645139902445562186,0.1863827611517193672,380,380,-0.011151153594255447388,0,0
1.6738012952132233762e-05,2.99914561589971429,0.099209658328464331301,0.18689059515898404085,5.5167658321461168214,0.89249663392634848158,2.8645140238689661416,0.18638376790204372324,381,381,-0.01113835163414478302,0,0
1.674053367163789958e-05,2.9991361891524590533,0.099210241010935756867,0.18689763112208326867,5.5167679455333837879,0.89249720559769285533,2.8645139902439997748,0.18638479117816192376,382,382,-0.011125548742711544037,0,0
1.6743084482136878067e-05,2.9991267026153134445,0.099210830048011761084,0.18690475026790215329,5.5167701844348364659,0.89249780480087848034,2.8645140238705142366,0.18638582215125532038,383,383,-0.011112745851278305054,0,0
1.6745665742762001066e-05,2.9991170502836732581,0.099211426716203060527,0.18691195357001064159,5.5167723497716432135,0.89249839044720158387,2.8645139902434801904,0.18638686994537984054,384,384,-0.011099942959845066071,0,0
1.6748277816844697052e-05,2.9991073355294224356,0.099212029902608592224,0.18691924201290033292,5.5167746412369460529,0.89249900379017110819,2.8645140238721484849,0.1863879257230027231,385,385,-0.011087140068411827087,0,0
1.6750921072140566168e-05,2.9990974522041717876,0.099212640892382381042,0.18692661659259399154,5.5167768597708102263,0.89249960374705517019,2.8645139902428997658,0.18638899862384616934,386,386,-0.01107433810830116272,0,0
1.6753595880706519789e-05,2.9990875037593376362,0.099213258567989209835,0.18693407831628197635,5.5167792050628454703,0.89250023156946323155,2.8645140238738231453,0.18639007980171981571,387,387,-0.011061535216867923737,0,0
1.6756302619127839564e-05,2.9990773839017670355,0.099213884223275289331,0.18694162820293488969,5.516781478071435707,0.89250084618057301533,2.8645139902422998013,0.186391178412125047,388,388,-0.011048732325434684753,0,0
1.6759041668396326642e-05,2.9990671961618766694,0.099214516736113339546,0.18694926728294197771,5.5167838784833307386,0.89250148883021807045,2.8645140238755462114,0.18639228560026852022,389,389,-0.01103592943400144577,0,0
1.6761813414138821001e-05,2.9990568341006818009,0.099215157409102208708,0.18695699659872666576,5.5167862072752011926,0.89250211844748383871,2.8645139902417566802,0.18639341053754707178,390,390,-0.011023126542568206787,0,0
1.6764618246496400993e-05,2.9990464013271638244,0.099215805115553015736,0.18696481720438692942,5.5167886641309316076,0.89250277628049334844,2.8645140238773123542,0.18639454436061997367,391,391,-0.011010324582457542419,0,0
1.6767456560354444269e-05,2.9990357912553191611,0.099216461166889174939,0.18697273016631393849,5.5167910500459402812,0.89250342126428228173,2.8645139902412140032,0.18639569625690058374,392,392,-0.010997521691024303436,0,0
1.6770328755222867488e-05,2.999025107572332427,0.099217124431888695235,0.18698073656283448196,5.5167935647013965905,0.8925040946453473012,2.8645140238791269027,0.18639685735454744608,393,393,-0.010984718799591064453,0,0
1.6773235235467742391e-05,2.9990142435439550717,0.099217796230868987584,0.18698883748483255407,5.5167960091115242349,0.8925047553646741072,2.8645139902406713261,0.18639803685712075243,394,394,-0.01097191590815782547,0,0
1.6776176410192643427e-05,2.9990033029348954763,0.099218475428124217053,0.18699703403539388868,5.516798582955244612,0.89250544466724701653,2.8645140238809965183,0.18639922588435317574,395,395,-0.010959113016724586487,0,0
1.677915269347183931e-05,2.9989921788618310039,0.099219163352912073672,0.18700532733043065403,5.5168010872653940879,0.89250612149998886924,2.86451399024013309,0.18640043365604661019,396,396,-0.010946311056613922119,0,0
1.6782164504232772285e-05,2.9989809751662717119,0.099219858865095100775,0.18701371849832806871,5.5168037217192997801,0.89250682710649320573,2.8645140238829656099,0.18640165128358224256,397,397,-0.010933508165180683136,0,0
1.6785212266490869205e-05,2.9989695848146702417,0.099220563302933301175,0.18702220868057220504,5.5168062873680874247,0.8925075204395871431,2.8645139902396086207,0.18640288800313287165,398,398,-0.010920705273747444153,0,0
1.6788296409233169376e-05,2.9989581117247339215,0.099221275521904586658,0.18703079903139877005,5.5168089838880431941,0.89250824274160456273,2.8645140238849462477,0.18640413491779561639,399,399,-0.01090790238231420517,0,0
1.679141736665479921e-05,2.9989464487116013203,0.099221996869336026581,0.18703949071842407292,5.5168116123488095681,0.89250895297130206085,2.8645139902390943654,0.18640540128023005972,400,400,-0.010895099490880966187,0,0
1.6794575578043779139e-05,2.9989346997685193408,0.099222726196365587659,0.18704828492229588766,5.5168143724258804639,0.89250969236983712651,2.8645140238870321348,0.18640667818532283273,401,401,-0.010882297530770301819,0,0
1.6797771488019209269e-05,2.9989227575582391161,0.09922346485944599781,0.1870571828373277512,5.5168170652070624982,0.89251041990186996689,2.8645139902385658992,0.18640797490234384259,402,402,-0.010869494639337062836,0,0
1.6801005546417265533e-05,2.9989107261487721878,0.099224211705436049513,0.18706618567115185225,5.5168198903680902845,0.89251117680755365225,2.8645140238891948492,0.18640928251804661508,403,403,-0.010856691747903823853,0,0
1.6804278208531137014e-05,2.998898498049361816,0.09922496809997334577,0.18707529464535674335,5.5168226490144824936,0.89251192205740836894,2.8645139902380440944,0.18641061031843983442,404,404,-0.010843888856470584869,0,0
1.6807589934998275693e-05,2.9988861774020625361,0.099225732885692141672,0.18708451099514239457,5.5168255408228956682,0.89251269689072498803,2.8645140238914232889,0.18641194938222124811,405,405,-0.010831085965037345886,0,0
1.6810941192042071896e-05,2.9988736565615354834,0.099226507437475616746,0.18709383596996101429,5.5168283669165329997,0.89251346028387668063,2.8645139902375804652,0.18641330901225525163,406,406,-0.010818284004926681519,0,0
1.6814332451360422023e-05,2.9988610397430672805,0.099227290593788611273,0.18710327083317460084,5.5168313269732154325,0.8925142534753930379,2.8645140238937374377,0.18641468027927696194,407,407,-0.010805481113493442535,0,0
1.6817764190369189535e-05,2.9988482191455254622,0.099228083738830311078,0.18711281686269898294,5.5168342221339319309,0.89251503544751209507,2.8645139902371057339,0.18641607250313732558,408,408,-0.010792678222060203552,0,0
1.6821236892092107613e-05,2.9988352990567559431,0.099228885706948793954,0.18712247535066350856,5.5168372520783988122,0.89251584743815104428,2.8645140238961457335,0.18641747674668091017,409,409,-0.010779875330626964569,0,0
1.6824751045406069732e-05,2.998822171518509716,0.099229697891729903847,0.187132247604058638,5.5168402179649946859,0.89251664843536904215,2.8645139902366429929,0.18641890234689315053,410,410,-0.010767072439193725586,0,0
1.6828307144932387574e-05,2.9988089408905675981,0.099230519123454805075,0.18714213494439788099,5.5168433194759103344,0.89251747967661920757,2.8645140238985864478,0.1864203403587998964,411,411,-0.010754270479083061218,0,0
1.6831905691283982347e-05,2.9987954990561376256,0.099231350805178281105,0.18715213870836872045,5.516846357787155597,0.89251830015579147748,2.8645139902361789197,0.18642180013666947991,412,412,-0.010741467587649822235,0,0
1.6835547190958021662e-05,2.9987819504463284481,0.099232191763160879083,0.1871622602474968533,5.5168495325837039189,0.89251915110999879843,2.8645140239011239736,0.18642327272778336233,413,413,-0.010728664696216583252,0,0
1.6839232156585038703e-05,2.9987681867845261685,0.099233043409996030126,0.18717250092880063916,5.5168526450589183696,0.89251999153893057937,2.8645139902357050765,0.18642476750383515927,414,414,-0.010715861804783344269,0,0
1.6842961106822992119e-05,2.9987543125722431192,0.099233904567992997636,0.18718286213445761712,5.5168558949015213955,0.89252086267953356646,2.864514023903729889,0.1864262755044570341,415,415,-0.010703058913350105286,0,0
1.6846734566608367249e-05,2.9987402193716801158,0.099234776659359688611,0.18719334526246245165,5.5168590833220578773,0.89252172353727776688,2.8645139902352618755,0.18642780611891821008,416,416,-0.010690256953239440918,0,0
1.6850553067051696302e-05,2.9987260117540865956,0.099235658502505055822,0.18720395172629575309,5.5168624100134362465,0.89252261534908150509,2.8645140239064419418,0.18642935037928018427,417,417,-0.010677454061806201935,0,0
1.6854417145690665352e-05,2.9987115811192159853,0.099236551529321204157,0.18721468295558565953,5.5168656762031300644,0.89252349712617040645,2.8645139902347978023,0.18643091769252950751,418,418,-0.010664651170372962952,0,0
1.6858327346387145629e-05,2.9986970321070480772,0.099237454554392673378,0.18722554039577893326,5.5168690815893599577,0.89252441010562699741,2.8645140239092490297,0.18643249908325892905,419,419,-0.010651848278939723969,0,0
1.6862284219582357106e-05,2.9986822559535761812,0.099238369019366168278,0.18723652550880598433,5.5168724274160210186,0.89252531330438811263,2.8645139902343688121,0.18643410397632392828,420,420,-0.010639045387506484985,0,0
1.6866288322195458334e-05,2.998667357366592956,0.099239293735068831448,0.18724763977275474258,5.5168759133874276657,0.892526247959857022,2.8645140239121649195,0.18643572338894542906,421,421,-0.010626243427395820618,0,0
1.6870340217880759847e-05,2.9986522274170077651,0.099240230152976671718,0.18725888468253873431,5.5168793407637108928,0.89252717309467022311,2.8645139902339660232,0.18643736676399652596,422,422,-0.010613440535962581635,0,0
1.6874440476927970794e-05,2.9986369708795543865,0.099241177080224451945,0.18727026174957375759,5.5168829092559743543,0.89252812994671248958,2.8645140239151749562,0.18643902511142260159,423,423,-0.010600637644529342651,0,0
1.6878589676521519762e-05,2.9986214786585123626,0.099242135978204040758,0.18728177250244953944,5.5168864201404792524,0.89252907754430499399,2.8645139902335676751,0.18644070789228270324,424,424,-0.010587834753096103668,0,0
1.6882788400642420931e-05,2.9986058555947701088,0.099243105650419383146,0.18729341848660857606,5.5168900731358361256,0.892530057125984988,2.8645140239182800279,0.18644240610933521252,425,425,-0.010575031861662864685,0,0
1.6887037240329817522e-05,2.9985899924245082993,0.09924408756825948974,0.18730520126502178679,5.5168936695341885823,0.89253102772573167378,2.8645139902331844262,0.18644412924198874859,426,426,-0.010562229901552200317,0,0
1.6891336793584511513e-05,2.9985739940537552428,0.099245080531672594248,0.18731712241786951934,5.5168974090625582107,0.89253203058291863403,2.8645140239215205469,0.18644586828592230043,427,427,-0.010549427010118961334,0,0
1.6895687665632729707e-05,2.9985577510491645548,0.099246086022122328996,0.18732918354322097843,5.5169010930285526939,0.89253302473713913567,2.8645139902328407011,0.18644763273905615164,428,428,-0.010536624118685722351,0,0
1.6900090468831405113e-05,2.998541368381031802,0.099247102836068690213,0.18734138625671784006,5.5169049211683596212,0.89253405142878550205,2.8645140239248423342,0.18644941359008831983,429,429,-0.010523821227252483368,0,0
1.6904545822934199505e-05,2.9985247364447702445,0.099248132465147478887,0.18735373219225706642,5.5169086948051413444,0.89253506970306295543,2.8645139902324925352,0.1864512203556333847,430,430,-0.010511018335819244385,0,0
1.6909054354998556805e-05,2.9985079602741526728,0.099249173702391710328,0.18736622300167726785,5.5169126136848474218,0.89253612080155064756,2.8645140239282498307,0.18645304401750045775,431,431,-0.010498216375708580017,0,0
1.6913616699654087158e-05,2.9984909300915978392,0.099250228049709995903,0.18737886035544509822,5.5169164791462819153,0.89253716377506731039,2.8645139902322291903,0.18645489411118684742,432,432,-0.010485413484275341034,0,0
1.6918233499011419422e-05,2.998473750993441822,0.099251294296772138437,0.18739164594234419825,5.5169204909454361285,0.89253823986650937528,2.864514023931790998,0.18645676161172020091,433,433,-0.010472610592842102051,0,0
1.6922905402932936604e-05,2.9984563130276149501,0.099252373955847794651,0.18740458147016525459,5.5169244504368792903,0.8925393081323279576,2.8645139902320115866,0.18645865607364470184,434,434,-0.010459807701408863068,0,0
1.6927633068943566359e-05,2.9984387213519076987,0.099253465813323449307,0.18741766866539752434,5.5169285573874109474,0.89254040981691373791,2.8645140239354613954,0.18646056846532751972,435,435,-0.0104470057412981987,0,0
1.6932417162503905062e-05,2.9984208658380704371,0.099254571391924478752,0.1874309092739225302,5.5169326131671576618,0.89254150398232856567,2.8645139902318073055,0.18646250836054731326,436,436,-0.010434202849864959717,0,0
1.6937258356922909046e-05,2.9984028517043026518,0.09925568947483512372,0.187444305060708305,5.5169368175547921496,0.89254263187467619556,2.8645140239392965498,0.18646446672112396148,437,437,-0.010421399958431720734,0,0
1.6942157333633539449e-05,2.9983845686446248813,0.099256821595319219553,0.18745785781050663954,5.5169409719354494115,0.89254375256156992524,2.8645139902316882896,0.18646645314024706819,438,438,-0.01040859706699848175,0,0
1.6947114782107428727e-05,2.9983661219364607931,0.099257966533446734259,0.18747156932755004721,5.5169452761006949615,0.892544907291038081,2.8645140239433253271,0.18646845857331681429,439,439,-0.010395794175565242767,0,0
1.6952131400133025945e-05,2.9983474010944606292,0.099259125833109904113,0.18748544143625256453,5.5169495314502610128,0.89254605513620310919,2.8645139902316114622,0.1864704926331194057,440,440,-0.0103829922154545784,0,0
1.6957207893732323276e-05,2.9983285114541984306,0.09926029827134714989,0.18749947598090954681,5.5169539377896077426,0.89254723734723928619,2.8645140239474313759,0.18647254626875350847,441,441,-0.010370189324021339417,0,0
1.6962344977441576267e-05,2.9983093423490809748,0.099261485402786661658,0.18751367482640207696,5.5169582965331445124,0.89254841300277676375,2.8645139902315395197,0.18647462911280393572,442,442,-0.010357386432588100433,0,0
1.6967543374230114044e-05,2.9982899991717286703,0.099262686001515984535,0.18752803985789937014,5.5169628075008949608,0.89254962335532217477,2.8645140239516644343,0.18647673210819354361,443,443,-0.01034458354115486145,0,0
1.6972803815783715873e-05,2.9982703710725657764,0.099263901632996517921,0.18754257298156690181,5.5169672721217262179,0.892550827488986398,2.8645139902315190916,0.18647886490749854271,444,444,-0.010331780649721622467,0,0
1.6978127042425532166e-05,2.9982505635001026612,0.099265131068451112339,0.18755727612427144924,5.5169718902310931341,0.89255206665881814398,2.8645140239560573647,0.18648101844759495949,445,445,-0.010318978689610958099,0,0
1.6983513803402198658e-05,2.9982304654200411242,0.099266375884272048391,0.1875721512342930497,5.5169764632720257325,0.89255329995438281721,2.8645139902315399638,0.18648320240124705016,446,446,-0.010306175798177719116,0,0
1.6988964856806932594e-05,2.9982101823353897174,0.099267634848919289459,0.18758720028103248456,5.5169811910966277679,0.89255456863350490782,2.8645140239606194932,0.18648540769943028339,447,447,-0.010293372906744480133,0,0
1.6994480969868394675e-05,2.9981896030253349927,0.099268909549815972926,0.18760242525572709549,5.5169858751617635306,0.89255583179117170545,2.8645139902316665292,0.18648764403529874412,448,448,-0.01028057001531124115,0,0
1.7000062918876075626e-05,2.9981688330462943348,0.099270198752740387849,0.18761782817116096078,5.5169907153368260566,0.89255713068818121059,2.8645140239653441583,0.18648990233405476902,449,449,-0.010267767123878002167,0,0
1.7005711489471949966e-05,2.9981477609889273239,0.099271504056262893645,0.18763341106238426437,5.5169955130926400244,0.8925584244249469279,2.8645139902318366154,0.18649219230945945913,450,450,-0.010254965163767337799,0,0
1.7011427476578183437e-05,2.9981264924618122869,0.099272824223572725399,0.18764917598642616436,5.5170004683167981341,0.89255975426546252383,2.8645140239702175933,0.18649450488108151869,451,451,-0.010242162272334098816,0,0
1.7017211684691680248e-05,2.9981049158650758812,0.099274160864500735069,0.18766512502301799237,5.5170053824939460085,0.8925610793155455136,2.8645139902320755354,0.18649684978350961062,452,452,-0.010229359380900859833,0,0
1.7023064927814138476e-05,2.9980831368582689933,0.09927551273973710122,0.18768126027430862002,5.5170104555307588612,0.8925624408426126033,2.8645140239753019706,0.18649921793081417065,453,453,-0.01021655648946762085,0,0
1.7028988029749578861e-05,2.9980610436490082726,0.099276881470482858383,0.18769758386559137753,5.5170154889253240071,0.89256379795784324127,2.8645139902323930592,0.18650161907863338495,454,454,-0.010203753598034381866,0,0
1.7034981824036805789e-05,2.9980387419464293863,0.099278265815033267527,0.18771409794502208479,5.5170206826046417348,0.89256519193233307963,2.8645140239805737536,0.18650404413568902329,455,455,-0.010190951637923717499,0,0
1.7041047154249948131e-05,2.9980161197636743253,0.099279667406068264346,0.18773080468434966139,5.5170258380797747577,0.89256658188257831377,2.8645139902327230175,0.18650650287889208867,456,456,-0.010178148746490478516,0,0
1.7047184873933464715e-05,2.997993282858012698,0.099281084999600283103,0.18774770627863676675,5.5170311552996107451,0.89256800908364797298,2.8645140239860502618,0.18650898621176922876,457,457,-0.010165345855057239532,0,0
1.7053395846905703987e-05,2.9979701190460699145,0.099282520239897448233,0.1877648049469939906,5.5170364357874621675,0.8925694326572728432,2.8645139902331533399,0.18651150393273738248,458,458,-0.010152542963624000549,0,0
1.705968094719649802e-05,2.9979467341320313878,0.099283971880784041564,0.18778210293230329642,5.5170418795150943936,0.89257089388275046016,2.8645140239917021852,0.18651404694026835207,459,459,-0.010139740072190761566,0,0
1.7066041059353886689e-05,2.9979230157336775875,0.099285441578250338557,0.18779960250195559812,5.5170472880181788966,0.89257235188704364681,2.8645139902336471671,0.18651662505453625585,460,460,-0.010126938112080097198,0,0
1.707247707838431715e-05,2.9978990697007215083,0.099286928084034373199,0.18781730594757697905,5.5170528612922451472,0.89257384795391225829,2.864514023997505987,0.18651922916911500838,461,461,-0.010114135220646858215,0,0
1.7078989910062583358e-05,2.997874783449971936,0.09928843306597290308,0.1878352155857697936,5.5170584008853902347,0.89257534121555892614,2.8645139902342551252,0.18652186912617074732,462,462,-0.010101332329213619232,0,0
1.7085580470874739433e-05,2.9978502628752146109,0.099289955273821964288,0.18785333375784152299,5.5170641068176706767,0.89257687296042764746,2.8645140240035851242,0.18652453581454517262,463,463,-0.010088529437780380249,0,0
1.7092249688331339225e-05,2.997825395190056863,0.099291496387390723588,0.18787166283054940186,5.5170697806493258497,0.89257840232593044227,2.8645139902349985306,0.18652723909864590834,464,464,-0.010075726546347141266,0,0
1.709899850091308051e-05,2.9978002863309263226,0.099293055154562659403,0.18789020519583185531,5.5170756224261880973,0.8925799706054755589,2.864514024009905846,0.18652996986274142377,465,465,-0.010062924586236476898,0,0
1.7105827858387419131e-05,2.9977748233058654215,0.099294633267253781805,0.1879089632715565672,5.5170814337204827638,0.89258153694166275649,2.8645139902358676132,0.18653273799374209263,466,466,-0.010050121694803237915,0,0
1.711273872175708634e-05,2.997749112092406687,0.099296229471590585769,0.18792793950125460944,5.5170874146050579157,0.89258314263314497694,2.8645140240165449796,0.18653553437151354499,467,467,-0.010037318803369998932,0,0
1.7119732063580091061e-05,2.9977230394908933597,0.099297845471709320075,0.18794713635487186876,5.5170933666631833958,0.89258474682760990948,2.8645139902367846574,0.18653836890571745544,468,468,-0.010024515911936759949,0,0
1.712680886792116797e-05,2.9976967115181900603,0.09929948001211909292,0.18796655632850564621,5.517099489996874162,0.89258639082933710629,2.864514024023391503,0.1865412324720014392,469,469,-0.010011713020503520966,0,0
1.7133970130675306806e-05,2.9976700147645365391,0.099301134809307842199,0.18798620194515966442,5.5171055861998610226,0.89258803379102669151,2.864513990237823382,0.18654413500304867224,470,470,-0.0099989110603928565979,0,0
1.714121685952217861e-05,2.997643055284801239,0.099302808606268708203,0.18800607575448308184,5.5171118554040647908,0.89258971702284239935,2.8645140240304236556,0.18654706737044926546,471,471,-0.0099861081689596176147,0,0
1.7148550074253239524e-05,2.9976157194564900799,0.09930450313199597201,0.18802618033352874738,5.5171180992140360644,0.89259139968251699493,2.8645139902389424869,0.18655003953019025364,472,472,-0.0099733052775263786316,0,0
1.715597080672923684e-05,2.9975881133708419668,0.099306217128088278279,0.18804651828649474044,5.517124517792759697,0.8925931230863837218,2.8645140240377644503,0.18655304234998815183,473,473,-0.0099605023860931396484,0,0
1.7163480101211005859e-05,2.9975601231901864985,0.099307952336180255193,0.18806709224548609494,5.5171309127549443829,0.89259484639713326803,2.8645139902402272369,0.18655608580941157593,474,474,-0.0099476994946599006653,0,0
1.7171079014320069308e-05,2.9975318550405161133,0.099309707496600715948,0.18808790487025839333,5.5171374842960361207,0.89259661093758990713,2.8645140240453779157,0.18655916077248532736,475,475,-0.0099348975345492362976,0,0
1.717876861537321874e-05,2.9975031948663741765,0.099311484363774141237,0.18810895884898296004,5.5171440340407897907,0.89259837587538182202,2.864513990241641217,0.18656227724264828893,476,476,-0.0099220946431159973145,0,0
1.7186549986346342839e-05,2.9974742488267258622,0.099313281676892115057,0.18813025689799278695,5.517150762218480331,0.89260018254013451244,2.8645140240532969145,0.18656542608043083509,477,477,-0.0099092917516827583313,0,0
1.7194424222212823861e-05,2.9974449026458591661,0.099315101203307734612,0.18815180176255080768,5.5171574704634327446,0.89260199010436258593,2.8645139902432301682,0.18656861731342286315,478,478,-0.0098964888602495193481,0,0
1.7202392430910689697e-05,2.9974152625139036665,0.099316941681210288428,0.18817359621659821012,5.517164359040073407,0.89260383990481140248,2.8645140240615245553,0.18657184179886368569,479,479,-0.009883685968816280365,0,0
1.7210455733684926986e-05,2.997385213932254544,0.099318804891032466675,0.18819564306352568051,5.5171712295921100377,0.89260569111885534888,2.864513990244986541,0.18657510958878814611,480,480,-0.0098708840087056159973,0,0
1.7218615265058024704e-05,2.9973548631204378623,0.099320689570093587117,0.1882179451359239919,5.5171782824203967621,0.89260758509067272826,2.8645140240700559531,0.1865784115373443075,481,481,-0.0098580811172723770142,0,0
1.7226872173176292053e-05,2.9973240953540951637,0.099322597512069177306,0.18824050529635832918,5.5171853191778410519,0.89260948100246606529,2.8645139902468788051,0.18658175772132890025,482,482,-0.009845278225839138031,0,0
1.7235227619783874875e-05,2.9972930168804183815,0.099324527453543351441,0.18826332643712084813,5.5171925402031858354,0.89261142020619910209,2.864514024078921306,0.18658513899199666297,483,483,-0.0098324753344058990479,0,0
1.7243682780573196903e-05,2.9972615127465696006,0.099326481201585950509,0.18828641148100808134,5.517199747158012535,0.89261336188883289022,2.8645139902489584749,0.18658856545121280113,484,484,-0.0098196724429726600647,0,0
1.725223884516252694e-05,2.997229689225461069,0.099328457492192295808,0.18830976338107557888,5.5172071404204476863,0.89261534741046566488,2.8645140240881223903,0.18659202794755730404,485,485,-0.009806870482861995697,0,0
1.7260897017450601057e-05,2.9971974311329359075,0.099330458145989036778,0.18833338512141795107,5.5172145216604979723,0.89261733596278169944,2.8645139902512122276,0.18659553660828179233,486,486,-0.0097940675914287567139,0,0
1.7269658515597862515e-05,2.9971648447656278336,0.09933248189853170762,0.18835727971692564631,5.5172220912971949858,0.89261936891436211017,2.8645140240976627588,0.18659908227951363391,487,487,-0.0097812646999955177307,0,0
1.7278524572385369943e-05,2.9971318147052570247,0.099334530584164845712,0.18838145021406768609,5.5172296510086082932,0.89262140546158386112,2.8645139902536760346,0.18660267511421022024,488,488,-0.0097684618085622787476,0,0
1.728749643519977776e-05,2.9970984472702197898,0.099336602938150664333,0.18840589969065033027,5.5172374012560565504,0.89262348698185012275,2.864514024107580159,0.18660630595626853667,489,489,-0.0097556589171290397644,0,0
1.72965753663966286e-05,2.9970646268051175376,0.099338700808723201519,0.18843063125660242108,5.5172451437254297346,0.89262557267619657697,2.8645139902563538925,0.18660998498468653328,490,490,-0.0097428569570183753967,0,0
1.7305762643289182643e-05,2.9970304596480286108,0.099340822931009056806,0.18845564805373574147,5.5172530789220761704,0.89262770393123092028,2.8645140241179531948,0.18661370304136179477,491,491,-0.0097300540655851364136,0,0
1.7315059558516185769e-05,2.9969958299034438198,0.099342971167298080304,0.18848095325653305143,5.5172610085389077739,0.89262983995256106606,2.8645139902592768877,0.18661747033167688792,492,492,-0.0097172511741518974304,0,0
1.7324467420034649447e-05,2.9969608439270705169,0.099345144252740269497,0.18850655007191000068,5.5172691331271712656,0.89263202213640491234,2.8645140241287183613,0.18662127769575859171,493,493,-0.0097044482827186584473,0,0
1.7333987551492192869e-05,2.9969253855802064912,0.099347344063857978558,0.18853244174000549638,5.5172772543864931905,0.89263420969290530049,2.8645139902624290329,0.18662513536572114536,494,494,-0.0096916453912854194641,0,0
1.7343621292223858105e-05,2.9968895612340804568,0.099349569335983156648,0.18855863153394525344,5.517285572915525016,0.89263644402826158863,2.8645140241398898695,0.18662903418016060786,495,495,-0.0096788434311747550964,0,0
1.7353369997629154958e-05,2.996853254503468289,0.099351821960061301175,0.18858512276063443824,5.5172938904203716604,0.89263868435711035687,2.8645139902658125486,0.18663298439829367759,496,496,-0.0096660405397415161133,0,0
1.736323503917300287e-05,2.9968165717731025666,0.099354100671763687092,0.18861191876052246785,5.5173024075487591134,0.89264097209603876504,2.8645140241515272272,0.1866369768574178134,497,497,-0.0096532376483082771301,0,0
1.7373217804767573371e-05,2.9967793964079594282,0.099356407376642530416,0.18863902290839798526,5.517310926012670258,0.89264326646409375421,2.8645139902694567446,0.18664102184422209918,498,498,-0.009640434756875038147,0,0
1.7383319698777484086e-05,2.9967418348040495424,0.099358740810880682992,0.18866643861315482433,5.517319646510791209,0.89264560888868493826,2.8645140241636113387,0.18664511019495794164,499,499,-0.0096276318654417991638,0,0
1.739354214240653365e-05,2.9967037700732550576,0.099361102894824429588,0.1886941693185889557,5.5173283707605227377,0.8926479585932096672,2.8645139902733447457,0.18664925222415920669,500,500,-0.0096148299053311347961,0,0
1.7403886573707239298e-05,2.9966653086205821133,0.099363492365343600299,0.18872221850316558966,5.5173372995134446484,0.89265035701633221876,2.864514024176177287,0.18665343876728796024,501,501,-0.009602027013897895813,0,0
1.741435444797261671e-05,2.9966263333014366843,0.099365911157768618822,0.18875058968081795396,5.5173462344917130196,0.89265276338571553083,2.8645139902775058616,0.18665768016710720945,502,502,-0.0095892241224646568298,0,0
1.7424947237750142501e-05,2.9965869505274702611,0.099368358009839050093,0.18877928640071545141,5.5173553765018841233,0.89265521915174095291,2.8645140241892654842,0.18666196725855482841,503,503,-0.0095764212310314178467,0,0
1.7435666433238670471e-05,2.9965470428941181069,0.09937083487206756216,0.18880831224806388091,5.5173645272702973585,0.89265768354626606751,2.8645139902820360156,0.18666631041301964822,504,504,-0.009563619270920753479,0,0
1.7446513542306988406e-05,2.996506716817436633,0.099373340483234234854,0.18883767084387459434,5.5173738876600557646,0.89266019803179863512,2.8645140242028719335,0.18667070046517500459,505,505,-0.0095508163794875144958,0,0
1.7457490090895938495e-05,2.9964658546292426422,0.099375876809247920551,0.18886736584576616083,5.517383259401688278,0.89266272184437778225,2.8645139902868899107,0.18667514781544247704,506,506,-0.0095380134880542755127,0,0
1.7468597623041690411e-05,2.9964245627475225575,0.099378442590116453093,0.1888974009477341065,5.5173928434166370494,0.89266529645907577439,2.8645140242170352707,0.18667964329851391425,507,507,-0.0095252105966210365295,0,0
1.7479837701283218367e-05,2.996382723236953538,0.099381039807344598302,0.18892777988095385555,5.5174024414389952753,0.8926678811160339011,2.8645139902920648822,0.18668419734424507306,508,508,-0.0095124077051877975464,0,0
1.7491211906690365012e-05,2.9963404425148678634,0.099383667202367020899,0.1889585064135509973,5.5174122544507557819,0.89267051730337676485,2.8645140242317546075,0.18668880078763719355,509,509,-0.0094996057450771331787,0,0
1.7502721839276817425e-05,2.9962976023751179966,0.099386326772495869886,0.18898958435140539303,5.5174220841890848632,0.89267316426528553475,2.8645139902976408663,0.18669346408839948559,510,510,-0.0094868028536438941956,0,0
1.7514369118033066864e-05,2.9962543092319440241,0.099389017260778589336,0.18902101753792144301,5.5174321316982259944,0.89267586350337779777,2.864514024247084123,0.18669817808212565979,511,511,-0.0094739999622106552124,0,0
1.7526155381345039552e-05,2.9962104446044750539,0.099391740680560780596,0.18905280985483327583,5.5174421987181077043,0.89267857426583285818,2.8645139903035818918,0.18670295325881902659,512,512,-0.0094611970707774162292,0,0
1.7538082287032060694e-05,2.9961661149013623096,0.099394495776697650014,0.18908496522197512646,5.5174524863573335409,0.89268133806825067378,2.864514024263009162,0.18670778045495187158,513,513,-0.0094483941793441772461,0,0
1.7550151512771228147e-05,2.9961212013630076356,0.099397284578798303367,0.18911748759808702514,5.5174627963582167922,0.89268411416274517922,2.8645139903099345879,0.18671267019127202325,514,514,-0.0094355922192335128784,0,0
1.7562364756140570445e-05,2.9960758103898008642,0.099400105833730934002,0.18915038098058520322,5.5174733298957496785,0.89268694407939230828,2.8645140242796345298,0.18671761330543820701,515,515,-0.0094227893278002738953,0,0
1.7574723735049261605e-05,2.9960298229395512237,0.099402961587588184456,0.18918364940636797633,5.5174838887138504262,0.89268978707414770035,2.8645139903167291529,0.18672262034938796882,516,516,-0.0094099864363670349121,0,0
1.7587230187786074805e-05,2.9959833454016795429,0.099405850589463370937,0.18921729695158595597,5.5174946740562713643,0.89269268469209728245,2.8645140242969264754,0.18672768216227531024,517,517,-0.009397183544933795929,0,0
1.7599885873455624677e-05,2.9959362584473416824,0.099408774902165694676,0.18925132773244818241,5.5175054876680009741,0.89269559619296390274,2.8645139903239398294,0.18673280932768931972,518,518,-0.0093843806535005569458,0,0
1.7612692572032238603e-05,2.9958886684521273125,0.099411733277235167505,0.18928574590499158692,5.5175165308639595452,0.89269856313738082942,2.8645140243149325165,0.18673799268660418171,519,519,-0.0093715786933898925781,0,0
1.762565208480231798e-05,2.9958404557964155579,0.099414727794432181107,0.18932055566588701367,5.517527605389390466,0.89270154478873797732,2.8645139903316230168,0.1867432428547345924,520,520,-0.009358775801956653595,0,0
1.7638766234423796541e-05,2.9957917268391427434,0.099417757207965584687,0.18935576125220804355,5.5175389126328475697,0.89270458272377828379,2.8645140243337130492,0.18674855067519896545,521,521,-0.0093459729105234146118,0,0
1.765203686537477644e-05,2.9957423616657656851,0.099420823614783854216,0.18939136694223654422,5.5175502543390795296,0.89270763620946025352,2.8645139903398519898,0.18675392679631389048,522,522,-0.0093331700190901756287,0,0
1.7665465844018678638e-05,2.9956924666155537729,0.099423925771996490841,0.18942737705523032821,5.5175618319726087435,0.89271074683918727466,2.8645140243532813962,0.1867593620636882612,523,523,-0.0093203671276569366455,0,0
1.7679055059059299495e-05,2.9956419214746912161,0.099427065793992033815,0.18946379595222825887,5.5175734472772521855,0.89271387388341627567,2.8645139903486005473,0.18676486715873458211,524,524,-0.0093075651675462722778,0,0
1.7692806421611805684e-05,2.9955908325599072128,0.099430242441006802534,0.18950062803581638193,5.5175853017958802482,0.89271705895277642107,2.8645140243736446628,0.18677043292988601553,525,525,-0.0092947622761130332947,0,0
1.7706721865664373924e-05,2.9955390793535636718,0.099433457845131689723,0.18953787775093222656,5.5175971972707538171,0.89272026132113957431,2.864513990357878459,0.18677607009217103706,526,526,-0.0092819593846797943115,0,0
1.7720803348155145614e-05,2.9954867681469115048,0.099436710769962119438,0.18957554958462921602,5.5176093353255213358,0.89272352261694398745,2.8645140243948157277,0.18678176949719019206,527,527,-0.0092691564932465553284,0,0
1.7735052849440605566e-05,2.9954337781138926644,0.099440003365558679582,0.189613648066879803,5.5176215177005492052,0.89272680211740829126,2.8645139903677900861,0.1867875418941078447,528,528,-0.0092563536018133163452,0,0
1.7749472373378662377e-05,2.9953802155172546406,0.099443334399109101218,0.1896521777703379652,5.5176339461023129473,0.89273014146932661017,2.8645140244169082777,0.18679337813804952617,529,529,-0.0092435516417026519775,0,0
1.7764063947803884741e-05,2.9953259592178476112,0.099446706038916865555,0.18969114331114064753,5.5176464222687933159,0.89273349995320072647,2.8645139903783283231,0.18679928901285150489,530,530,-0.0092307487502694129944,0,0
1.777882962461688375e-05,2.9952711154467421828,0.099450117056010700622,0.18973054934866820376,5.5176591479919565586,0.89273691923478804,2.8645140244398938911,0.18680526537752981109,531,531,-0.0092179458588361740112,0,0
1.7793771480266586349e-05,2.995215562746940563,0.099453569637214175869,0.18977040058634389585,5.517671925006871092,0.89274035859779854452,2.8645139903895011635,0.18681131805113743161,532,532,-0.0092051429674029350281,0,0
1.78088916158460246e-05,2.995159407314599509,0.099457062557651340629,0.18981070177139172661,5.5176849551936388849,0.89274385972757597241,2.8645140244638849225,0.18681743789695742786,533,533,-0.0091923400759696960449,0,0
1.7824192157581819081e-05,2.9951025273700597751,0.099460598022941520968,0.18985145769563385731,5.517698040283401717,0.8927473819109115194,2.8645139904013694476,0.18682363576981819708,534,534,-0.0091795381158590316772,0,0
1.7839675256936571616e-05,2.9950450290712229418,0.099464174812570013695,0.18989267319524535949,5.5177113822474348481,0.89275096685340404878,2.8645140244888915859,0.18682990253765410782,535,535,-0.0091667352244257926941,0,0
1.7855343091105687367e-05,2.9949867903108211564,0.099467795151237964335,0.18993435315154924559,5.5177247828121460671,0.89275457384481904377,2.8645139904139567122,0.18683624909164028849,536,536,-0.0091539323329925537109,0,0
1.7871197863126526891e-05,2.994927917205142176,0.099471457823057815584,0.18997650249076789009,5.5177384440427523771,0.89275824461166741752,2.8645140245149209868,0.18684266630475562798,537,537,-0.0091411294415593147278,0,0
1.7887241802382760047e-05,2.9948682873142922212,0.099475165072106117026,0.19001912618481514583,5.5177521676603253908,0.89276193844660400867,2.8645139904272962639,0.18684916510510046761,538,538,-0.0091283265501260757446,0,0
1.7903477164720423063e-05,2.9948080067094546841,0.099478915687395613743,0.19006222925104415689,5.5177661558267621089,0.89276569709770237093,2.8645140245420366298,0.18685573637110577949,539,539,-0.009115524590015411377,0,0
1.7919906232959994e-05,2.9947469526127958872,0.099482711932689926737,0.19010581675303614424,5.5177802102572872656,0.89276947986042742844,2.8645139904414684828,0.18686239106840660251,540,540,-0.0091027216985821723938,0,0
1.7936531317019524236e-05,2.99468523104702955,0.099486552602169445181,0.19014989380034427735,5.5177945332130526879,0.89277332850507185036,2.8645140245703055726,0.18686912008128750418,541,541,-0.0090899188071489334106,0,0
1.7953354754434587944e-05,2.9946227188910348183,0.099490439979601483222,0.19019446554927876836,5.51780892640312004,0.89277720232984947302,2.8645139904565697364,0.18687593441353064772,542,542,-0.0090771159157156944275,0,0
1.797037891048867435e-05,2.9945595221154746035,0.099494372864611421714,0.19023953720264635825,5.5178235921902176742,0.89278114312790390894,2.8645140245997549044,0.1868828249557026866,543,543,-0.0090643130242824554443,0,0
1.7987606178741197575e-05,2.994495517250523875,0.09949835356129416164,0.19028511401053124774,5.5178383322770754305,0.89278511020015860478,2.8645139904725143154,0.18688980275035402268,544,544,-0.0090515110641717910767,0,0
1.8005038981165322448e-05,2.9944308102110737124,0.099502380875015825068,0.19033120127002983724,5.5178533491311378967,0.89278914536332953933,2.8645140246304765519,0.1868968586947686028,545,545,-0.0090387081727385520935,0,0
1.802267976868423123e-05,2.9943652771731041895,0.099506457130515604814,0.19037780432602727232,5.5178684444475587512,0.8927932079208966698,2.864513990489387929,0.18690400387090885803,546,546,-0.0090259052813053131104,0,0
1.8040531021316549007e-05,2.9942990239919602402,0.099510581139204593026,0.1904249285709268269,5.5178838208018987643,0.89279733971391517233,2.8645140246624931635,0.1869112291832178141,547,547,-0.0090131023898720741272,0,0
1.8058595248721033311e-05,2.9942319264838457293,0.099514755246794081578,0.19047257944542142494,5.5178992798809654019,0.89280150004831138055,2.8645139905072647402,0.18691854575371905089,548,548,-0.009000299498438835144,0,0
1.8076874990349832867e-05,2.9941640904405395496,0.099518978271057462193,0.19052076243821763901,5.51791502437167658,0.89280573079023461958,2.8645140246959459596,0.18692594449448574068,549,549,-0.0089874975383281707764,0,0
1.809537281600178985e-05,2.9940953913128560693,0.099523252579004559126,0.19056948308680166093,5.5179308559513469135,0.89280999124790916266,2.8645139905262033686,0.1869334365682618071,550,550,-0.0089746946468949317932,0,0
1.8114091325983670909e-05,2.9940259348250006788,0.099527576995095498602,0.19061874697715730509,5.5179469774219205291,0.89281432331339494191,2.8645140247308660264,0.18694101289522019327,551,551,-0.0089618917554616928101,0,0
1.8133033151672319215e-05,2.9939555960565185089,0.099531953907981099428,0.19066855974452598388,5.5179631904500832107,0.89281868629706395701,2.8645139905462144725,0.18694868467951430979,552,552,-0.0089490888640284538269,0,0
1.8152200955684054282e-05,2.9938844806600717341,0.099536382149132296426,0.19071892707311832726,5.5179796979564557091,0.89282312211771264199,2.8645140247672702394,0.18695644284988582884,553,553,-0.0089362859725952148438,0,0
1.8171597432445863541e-05,2.9938124633378588868,0.099540864129196993115,0.19076985469686777441,5.5179963015961375206,0.89282759008772227816,2.8645139905673744352,0.18696429865260635883,554,554,-0.0089234840124845504761,0,0
1.8191225308373184404e-05,2.9937396496669372858,0.099545398686985309133,0.19082134839913519886,5.5180132044118073154,0.89283213215343737446,2.8645140248052345378,0.18697224302547207908,555,555,-0.0089106811210513114929,0,0
1.8211087342450304783e-05,2.9936659139659216322,0.09954998825551102104,0.19087341401345567227,5.5180302080462073633,0.89283670762912969998,2.8645139905897512023,0.18698028725759890945,556,556,-0.0088978782296180725098,0,0
1.8231186326416771326e-05,2.9935913617321365798,0.099554631681258984321,0.19092605742323570661,5.518047515667588776,0.8928413584895261712,2.8645140248448717202,0.18698842229633183543,557,557,-0.0088850753381848335266,0,0
1.8251525085357202179e-05,2.9935158668943229188,0.099559331419978872035,0.19097928456249246842,5.5180649289052849937,0.89284604405064282862,2.8645139906134238217,0.18699665947436938662,558,558,-0.0088722724467515945435,0,0
1.8272106477896507749e-05,2.9934395348658471292,0.09956408632617433363,0.19103310141554327717,5.5180826510567149157,0.89285080631644120341,2.8645140248861769017,0.187004989749112005,559,559,-0.0088594704866409301758,0,0
1.8292933396799363025e-05,2.9933622391789378447,0.099568898878729772406,0.19108751401773696466,5.5181004837374407757,0.89285560460460622334,2.8645139906384873285,0.18701342449760990916,560,560,-0.0088466675952076911926,0,0
1.8314008769174433999e-05,2.9932840851589035402,0.099573767940499630091,0.19114252845513471368,5.5181186303770308754,0.89286048094913328388,2.8645140249293006285,0.18702195468782353838,561,561,-0.0088338647037744522095,0,0
1.8335335557083739947e-05,2.9932049459347704889,0.099578696013902623374,0.19119815086523328507,5.5181368925765541533,0.89286539466926451158,2.86451399066493817,0.18703059174193745196,562,562,-0.0088210618123412132263,0,0
1.8356916757756078619e-05,2.9931249267392621149,0.099583681970514745241,0.1912543874366367247,5.5181554739018610078,0.89287038782995309383,2.8645140249743072935,0.18703932663900957323,563,563,-0.0088082589209079742432,0,0
1.8378755404206539371e-05,2.9930439002915725233,0.099588728336679976927,0.19131124440977068102,5.5181741759381877088,0.89287541975182693754,2.8645139906928740459,0.18704817084714639441,564,564,-0.0087954569607973098755,0,0
1.8400854565459340582e-05,2.9929619717272548662,0.099593833993072020117,0.19136872807654475848,5.5181932023917283914,0.89288053253172983137,2.8645140250212763888,0.18705711535705304982,565,565,-0.0087826540693640708923,0,0
1.8423217347177710468e-05,2.9928790133488356595,0.099599001490368072043,0.19142684478105706503,5.5182123548308812389,0.89288568549153379816,2.8645139907224050901,0.18706617168356584613,566,566,-0.0087698511779308319092,0,0
1.8445846891896394232e-05,2.9927951301901254411,0.099604229718713285791,0.19148560091924687887,5.5182318371058665107,0.89289092076088205641,2.8645140250702549878,0.18707533082959437731,567,567,-0.008757048286497592926,0,0
1.8468746379662092288e-05,2.9927101941298643872,0.099609521253547564368,0.19154500293958892643,5.5182514507676945215,0.89289619766278716106,2.8645139907535495105,0.18708460435753818119,568,568,-0.0087442453950643539429,0,0
1.849191902827590481e-05,2.9926243100953859866,0.099614874994877575243,0.19160505734273541867,5.5182713998146377676,0.89290155836065188133,2.864514025121410512,0.18709398328308671222,569,569,-0.0087314434349536895752,0,0
1.8515368093944588259e-05,2.9925373495345488628,0.099620293543327617658,0.19166577068219997626,5.5182914857790130725,0.89290696217844889304,2.8645139907864809459,0.18710347921704706398,570,570,-0.008718640543520450592,0,0
1.8539096871533120275e-05,2.9924494172633204769,0.099625775809168801156,0.19172714956398828612,5.5183119128113862217,0.89291245131433016891,2.8645140251748535398,0.18711308318848041132,571,571,-0.0087058376520872116089,0,0
1.8563108695227062509e-05,2.9923603842913988338,0.09963132441864684663,0.19178920064727084105,5.518332482424268548,0.89291798509307318543,2.8645139908212304825,0.18712280685746773834,572,572,-0.0086930347606539726257,0,0
1.8587406938795499972e-05,2.9922703553184719638,0.099636938292706797582,0.19185193064400202223,5.518353398924904063,0.89292360574860263345,2.8645140252306053874,0.18713264126704060031,573,573,-0.0086802318692207336426,0,0
1.8611995016264716834e-05,2.9921792009084993147,0.099642620083672459042,0.19191534631958090396,5.5183744638050944431,0.89292927260635568398,2.8645139908578940435,0.18714259812745034917,574,574,-0.0086674299091100692749,0,0
1.8636876382191784677e-05,2.9920870256399139109,0.09964836872357621389,0.19197945449245804039,5.518395881532973668,0.89293502793704349063,2.8645140252888454668,0.1871526684963097098,575,575,-0.0086546270176768302917,0,0
1.8662054532349842644e-05,2.9919936996233391646,0.099654186891276835825,0.19204426203478400237,5.5184174535783423465,0.89294083106658839188,2.8645139908965866482,0.18716286413495050733,576,576,-0.0086418241262435913086,0,0
1.8687533004012544651e-05,2.9918993273108895892,0.099660073530320650304,0.19210977587200320227,5.5184393845748704877,0.89294672430356136772,2.8645140253496652605,0.18717317611618700113,577,577,-0.0086290212348103523254,0,0
1.8713315376651218331e-05,2.9918037783518465211,0.099666031346584013639,0.19217600298348930243,5.5184614759692456332,0.89295266697420316859,2.8645139909374046638,0.18718361625338370002,578,578,-0.0086162192746996879578,0,0
1.8739405272230449034e-05,2.9917071570669633296,0.099672059295553186442,0.19224295040212580066,5.5184839325650267838,0.89295870142601041497,2.8645140254131060686,0.18719417563518472858,579,579,-0.0086034163832664489746,0,0
1.8765806355917378443e-05,2.9916093326361146154,0.09967816011061575443,0.19231062521492758854,5.5185065557851666895,0.89296478698541981167,2.8645139909804528955,0.18720486612794359771,580,580,-0.0085906134918332099915,0,0
1.8792522336388693032e-05,2.991510409243279156,0.099684332759646401834,0.19237903456260757595,5.5185295506074085736,0.89297096603992154318,2.8645140254793775014,0.18721567883680603761,581,581,-0.0085778106003999710083,0,0
1.8819556966552323238e-05,2.9914102555909654058,0.099690580004028736538,0.19244818564018392748,5.5185527184297189507,0.89297719791597696126,2.8645139910258574645,0.18722662568207568135,582,582,-0.0085650077089667320251,0,0
1.8846914043866141308e-05,2.9913089757208748409,0.099696900824489037563,0.19251808569653211523,5.5185762644089262352,0.89298352504220646075,2.8645140255485816994,0.1872376977860776559,583,583,-0.0085522057488560676575,0,0
1.8874597411072342246e-05,2.9912064378498111061,0.099703298010915736294,0.19258874203497711175,5.5185999899168924898,0.89298990674492872976,2.8645139910737262845,0.18724890712406758175,584,584,-0.0085394028574228286743,0,0
1.8902610956528108539e-05,2.9911027458716481497,0.099709770557356511289,0.19266016201283023279,5.5186241002943585698,0.89299638549505100382,2.8645140256208625473,0.18726024483624195693,585,585,-0.0085265999659895896912,0,0
1.8930958614952964265e-05,2.99099776750900892,0.099716321282721495645,0.19273235304196581485,5.5186483968858075499,0.89300292061855812698,2.864513991124161052,0.18727172295383034961,586,586,-0.008513797074556350708,0,0
1.8959644367771684523e-05,2.9908916065022919106,0.099722949194863907962,0.19280532258834207071,5.518673085221148078,0.89300955462986242317,2.8645140256963879111,0.18728333263560409394,587,587,-0.0085009941831231117249,0,0
1.8988672243874978458e-05,2.9907841300712476595,0.099729657142244992896,0.19287907817256175202,5.5186979666160480562,0.89301624685440395002,2.8645139911773851438,0.18729508596981805923,588,588,-0.0084881922230124473572,0,0
1.9018046319974883949e-05,2.9906754417970611293,0.099736444147013395001,0.19295362736937626824,5.5187232467945595005,0.89302303985130704334,2.864514025775319439,0.18730697413454108768,589,589,-0.008475389331579208374,0,0
1.9047770721379053986e-05,2.9905654083877557525,0.099743313087726673261,0.1930289778082296126,5.5187487270424044894,0.89302989294528634101,2.8645139912334718346,0.18731900927612377128,590,590,-0.0084625864401459693909,0,0
1.9077849622359009321e-05,2.990454133259455638,0.099750263001332245549,0.19310513717274555012,5.5187746132830692858,0.89303684874143118844,2.8645140258577432846,0.18733118259266884342,591,591,-0.0084497835487127304077,0,0
1.9108287246938289076e-05,2.9903414825992968851,0.099757296797048464199,0.19318211320125378005,5.5188007067711168929,0.89304386656354350915,2.8645139912925370318,0.1873435062897320369,592,592,-0.0084369806572794914246,0,0
1.9139087869273890006e-05,2.9902275596525389467,0.099764413527126574732,0.19325991368625949907,5.518827213634741824,0.89305098906394719815,2.8645140259438419683,0.18735597158618919056,593,593,-0.0084241786971688270569,0,0
1.9170255814458599824e-05,2.9901122300760500927,0.099771616132023566159,0.1933385464749514393,5.5188539350960112984,0.89305817556532329782,2.8645139913547499333,0.1873685907479397672,594,594,-0.0084113758057355880737,0,0
1.9201795458915883963e-05,2.9899955969382663312,0.099778903679815761363,0.19341801946865316841,5.5188810774932939296,0.89306546876854486783,2.8645140260337873528,0.18738135501539446293,595,595,-0.0083985729143023490906,0,0
1.9233711231216787864e-05,2.9898775253562748233,0.099786279142786732388,0.19349834062331219831,5.5189084420148191157,0.89307282799495724124,2.8645139914202570885,0.18739427671595451641,596,596,-0.0083857700228691101074,0,0
1.9266007612488599883e-05,2.9897581182153945001,0.099793741605386093729,0.19357951794893243913,5.5189362352150093116,0.8930802959953499931,2.8645140261278019267,0.18740734711236295418,597,597,-0.0083729671314358711243,0,0
1.9298689137246607147e-05,2.9896372400834256844,0.099801294072310461902,0.19366155951004393465,5.518964258246429111,0.89308783208947539745,2.8645139914892543409,0.18742057859469388181,598,598,-0.0083601651713252067566,0,0
1.9331760393816836154e-05,2.9895149936564031634,0.099808935644930124598,0.1937444734251155265,5.5189927178854549794,0.89309547907943664935,2.8645140262260153641,0.1874339624488167988,599,599,-0.0083473622798919677734,0,0
1.9365226025183092487e-05,2.9893912429427187405,0.099816669360985335602,0.19382826786700482757,5.5190214152478720422,0.89310319628318968199,2.8645139915619295401,0.18744751112870877696,600,600,-0.0083345593884587287903,0,0
1.9399090729424067092e-05,2.989266090442826318,0.099824494339323152636,0.19391295106235059698,5.5190505573376391624,0.89311102655553897822,2.8645140263286843485,0.18746121594418413414,601,601,-0.0083217564970254898071,0,0
1.9433359260575971565e-05,2.9891393995956874186,0.099832413651352175377,0.19399853129200200774,5.5190799452321561702,0.89311892921240099152,2.8645139916384279033,0.18747508941435844787,602,602,-0.008308953605592250824,0,0
1.9468036429084413296e-05,2.989011272699610533,0.099840426433981138699,0.19408501689039028837,5.5191097861694169424,0.89312694716276574969,2.8645140264359798543,0.18748912287383401321,603,603,-0.0082961516454815864563,0,0
1.9503127102682941426e-05,2.9888815726139199569,0.099848535792923728827,0.19417241624593675753,5.5191398811866143603,0.89313503972024554933,2.8645139917189537115,0.18750332890813034559,604,604,-0.0082833487540483474731,0,0
1.953863620686003305e-05,2.9887504014280628084,0.09985674088374871249,0.1942607378004030938,5.5191704377622095024,0.8931432498495168737,2.8645140265481319197,0.18751769887750574517,605,605,-0.00827054586261510849,0,0
1.9574568725753939484e-05,2.988617621411317149,0.099865044847126716032,0.19434999004927733246,5.519201256891401286,0.89315153686161918856,2.8645139918037094695,0.18753224543517599265,606,606,-0.0082577429711818695068,0,0
1.9610929702635159617e-05,2.9884833344374208686,0.099873446857899617068,0.19444018154110248586,5.5192325462997029462,0.89315994377845420171,2.8645140266653377203,0.18754695996794440438,607,607,-0.0082449400797486305237,0,0
1.9647724240817898185e-05,2.9883474021749436567,0.099881950092368110283,0.19453132087783989168,5.5192641069387153863,0.89316842990824119042,2.8645139918929349854,0.18756185519804904893,608,608,-0.008232138119637966156,0,0
1.9684957504158415913e-05,2.9882099262751427027,0.099890553745258695018,0.19462341671417532352,5.5192961467873002945,0.89317703833163886173,2.8645140267878379525,0.18757692253973276553,609,609,-0.0082193352282047271729,0,0
1.9722634717983516536e-05,2.988070767794911653,0.099899261029198563322,0.19471647775785932977,5.5193284667520314812,0.89318572835381415675,2.8645139919868407574,0.1875921747856197086,610,610,-0.0082065323367714881897,0,0
1.9760761169605054941e-05,2.9879300281559806329,0.099908071159434772013,0.19481051276899030711,5.5193612750717795379,0.89319454311576251815,2.8645140269159004021,0.18760760337831866584,611,611,-0.0081937294453382492065,0,0
1.9799342209265947609e-05,2.9877875677924765618,0.099916987385625488649,0.19490553056033130264,5.5193943726063015021,0.8932034419193319863,2.8645139920856514948,0.18762322118223062617,612,612,-0.0081809265539050102234,0,0
1.983838325067117757e-05,2.9876434878895565816,0.0999260089441842414,0.19500153999656930082,5.5194279678614313056,0.89321246796749131924,2.864514027049764433,0.18763901966926432863,613,613,-0.0081681245937943458557,0,0
1.9877889771951667071e-05,2.9874976482470128047,0.099935139122535654455,0.1950985499946079893,5.5194618616484101281,0.89322158055849554259,2.864513992189598568,0.18765501177704330127,614,614,-0.0081553217023611068726,0,0
1.9917867316212274018e-05,2.9873501498064030102,0.099944377178913579307,0.19519656952280317608,5.519496262746980797,0.89323082295896716332,2.8645140271896876172,0.18767118900772353229,615,615,-0.0081425188109278678894,0,0
1.9958321492513835194e-05,2.9872008517215569157,0.099953726439253695601,0.19529560760123046426,5.5195309719182850117,0.89324015446329774193,2.8645139922990101589,0.18768756437360992195,616,616,-0.0081297159194946289062,0,0
1.9999257976438594632e-05,2.9870498546830153153,0.099963186184289246072,0.19539567330089632757,5.5195661982228161335,0.89324961840343652941,2.864514027336000801,0.18770412940810238256,617,617,-0.0081169130280613899231,0,0
2.0040682511090874792e-05,2.9868970171868651775,0.099972759779226746946,0.19549677574398063862,5.5196017423700256543,0.89325917406965127388,2.8645139924141238552,0.18772089719967444132,618,618,-0.0081041110679507255554,0,0
2.0082600907680262127e-05,2.9867424396651598428,0.099982446527993845686,0.19559892410302268106,5.5196378137085018167,0.89326886486096745976,2.8645140274889824283,0.18773785931397776738,619,619,-0.0080913081765174865723,0,0
2.0125019046541343275e-05,2.9865859799441563105,0.099992249835847604733,0.19570212760113789296,5.5196742128941709282,0.89327865006323847741,2.8645139925352158805,0.18775502891718709453,620,620,-0.0080785052850842475891,0,0
2.0167942877735118781e-05,2.9864277381898243213,0.10000216903062084106,0.19580639551117845487,5.5197111495711830287,0.8932885731443550581,2.8645140276489238218,0.18777239760823741244,621,621,-0.008065702393651008606,0,0
2.0211378422088217653e-05,2.9862675715463566917,0.10001220755841463972,0.19591173715592402615,5.5197484243400989357,0.89329859338545958281,2.8645139926625531324,0.18778997863256305378,622,622,-0.0080528995022177696228,0,0
2.0255331771812881437e-05,2.9861055799059168514,0.10002236477169573758,0.19601816190721640942,5.5197862471483469804,0.89330875432514922352,2.8645140278161460579,0.1878077636234372072,623,623,-0.0080400975421071052551,0,0
2.0299809091566236511e-05,2.9859416197179817765,0.10003264415823083511,0.196125679186123697,5.5198244185392537631,0.89331901523954504452,2.8645139927964744508,0.18782576590716568155,624,624,-0.008027294650673866272,0,0
2.034481661908920088e-05,2.985775790593114376,0.10004304509586200989,0.19623429846204862304,5.5198631487712761512,0.89332941973982515904,2.8645140279910004111,0.18784397715243542071,625,625,-0.0080144917592406272888,0,0
2.0390360666286217394e-05,2.985607948273383716,0.10005357111485116417,0.19634402925286589814,5.5199022383285667459,0.89333992709676857125,2.8645139929372742671,0.1878624107680526012,626,626,-0.0080016888678073883057,0,0
2.0436447619883645689e-05,2.985438192079683084,0.10006422161918732128,0.19645488112400397163,5.5199418977888861093,0.89335058099609243598,2.8645140281738705745,0.18788105845923053216,627,627,-0.0079888859763741493225,0,0
2.0483083942530329032e-05,2.9852663770336871352,0.10007500018247481033,0.19656686368855497138,5.51998192757481565,0.89336134070286254971,2.8645139930853051879,0.18789993371895286067,628,628,-0.0079760840162634849548,0,0
2.0530276173475942351e-05,2.9850926021585486581,0.10008590623563384803,0.19667998660632957098,5.5200225385921193322,0.89337224997935438253,2.8645140283651420177,0.18791902829007889331,629,629,-0.0079632811248302459717,0,0
2.057803092969291448e-05,2.9849167217421856968,0.10009694339648519956,0.19679425958393936824,5.5200635311992964915,0.89338326808453372152,2.8645139932409131589,0.18793835575150058537,630,630,-0.0079504782333970069885,0,0
2.0626354906575135475e-05,2.9847388345018441846,0.10010811112368206421,0.19690969237382463519,5.5201051166389829561,0.89339443885931268952,2.8645140285651593537,0.18795790788486804734,631,631,-0.0079376753419637680054,0,0
2.067525487908167809e-05,2.98455879397817192,0.10011941308015358254,0.19702629477430858018,5.5201470952033391271,0.89340572155618491745,2.8645139934045174002,0.18797769835673705519,632,632,-0.0079248724505305290222,0,0
2.0724737702456430202e-05,2.9843766985741844167,0.10013084875310211685,0.19714407662859786963,5.5201896784804755924,0.8934171600967709681,2.8645140287743680041,0.18799771898872699727,633,633,-0.0079120704904198646545,0,0
2.0774810313394100032e-05,2.9841924010693503533,0.10014242185148899966,0.19726304782480869049,5.520232666694117718,0.89342871372673637875,2.8645139935765251415,0.18801798353686674514,634,634,-0.0078992675989866256714,0,0
2.0825479730781197178e-05,2.9840059995440966212,0.10015413189189600884,0.19738321829493973847,5.5202762717866278308,0.89344042645053300955,2.8645140289931743105,0.18803848386394164671,635,635,-0.0078864647075533866882,0,0
2.0876753056884856915e-05,2.9838173460026098383,0.10016598263025942861,0.19750459801486983102,5.5203202939112108183,0.89345225750664003517,2.8645139937573151911,0.18805923381729763855,636,636,-0.0078736618161201477051,0,0
2.0928637478115613685e-05,2.9836265381942066455,0.1001779736133940335,0.19762719700330313999,5.5203649453736733932,0.89346425098452797453,2.8645140292220707678,0.18808022530211004897,637,637,-0.0078608589246869087219,0,0
2.0981140266239627225e-05,2.9834334273333471543,0.10019010864517528814,0.19775102532173846615,5.5204100262540745092,0.89347636611507363913,2.8645139939473249768,0.1881014722589438859,638,638,-0.0078480569645762443542,0,0
2.1034268779163739802e-05,2.983238110829663281,0.10020238730352208634,0.19787609307338646647,5.5204557492311661093,0.89348864707502206883,2.8645140294614259702,0.1881229666366081299,639,639,-0.0078352540731430053711,0,0
2.1088030462171629322e-05,2.9830404390932487857,0.10021481344123905899,0.19800241040311036822,5.5205019143097748824,0.89350105308728056119,2.8645139941469999201,0.18814472247081839851,640,640,-0.0078224511817097663879,0,0
2.114243284873162804e-05,2.9828405091852019382,0.10022738666824376752,0.1981299874963154406,5.5205487345508847952,0.89351362841812953519,2.8645140297117981376,0.18816673175530981843,641,641,-0.0078096487559378147125,0,0
2.1197483561757283766e-05,2.9826381706963709384,0.10024011088727831364,0.19825883457886075978,5.520596009881697519,0.89352633228209965566,2.8645139943568298513,0.18818900862292409215,642,642,-0.0077968458645045757294,0,0
2.1253190314438600737e-05,2.9824335203304599418,0.1002529857411737918,0.19838896191592100826,5.5206439537553659846,0.89353920903737227288,2.8645140299737392731,0.1882115451136281703,643,643,-0.0077840429730713367462,0,0
2.1309560911527554406e-05,2.9822264068438677498,0.10026601518364214316,0.19852037981186965165,5.5206923660187721126,0.89355221788965588647,2.8645139945773405721,0.18823435545942021618,644,644,-0.0077712405472993850708,0,0
2.1366603250193167823e-05,2.9820169265739098208,0.10027919889136485687,0.19865309860911273265,5.5207414605274207631,0.89356540329145561774,2.8645140302477685168,0.18825743174783468592,645,645,-0.0077584376558661460876,0,0
2.1424325321332532283e-05,2.9818049274270017612,0.10029254087008683538,0.19878712868794329305,5.5207910370453792126,0.89357872443922981009,2.8645139948090592164,0.18828078831210651178,646,646,-0.0077456352300941944122,0,0
2.1482735210450396837e-05,2.9815905053651325929,0.10030604083128485948,0.19892248046534785622,5.5208413098405353381,0.89359222588225206696,2.8645140305344138909,0.18830441728869085072,647,647,-0.0077328323386609554291,0,0
2.154184109899622335e-05,2.9813735074287919247,0.10031970283383480347,0.19905916439483198332,5.52089207859179254,0.89360586680730969,2.8645139950524569628,0.18832833311419941436,648,648,-0.0077200294472277164459,0,0
2.1601651265268810912e-05,2.981154029195374644,0.10033352662499180064,0.19919719096519938883,5.5209435579901748881,0.89361969186298695345,2.8645140308342966762,0.18835252797540497083,649,649,-0.0077072270214557647705,0,0
2.1662174085779968059e-05,2.9809319168236094733,0.10034751631785643333,0.19933657070034918601,5.5209955476262777552,0.89363366022589396653,2.8645139953081524276,0.18837701641445442347,650,650,-0.0076944241300225257874,0,0
2.1723418036184693867e-05,2.9807072654967718961,0.10036167169647840225,0.19947731415802733013,5.5210482626253396532,0.89364781664654890925,2.8645140311480243867,0.18840179066988277379,651,651,-0.0076816217042505741119,0,0
2.1785391692672199173e-05,2.980479920475649358,0.10037599692930963824,0.19961943192959613613,5.5211015024867267087,0.89366212029089142632,2.8645139955767171536,0.18842686539158365333,652,652,-0.0076688188128173351288,0,0
2.1848103732922122066e-05,2.9802499765398957621,0.10039049183822655598,0.19976293463875854917,5.5211554827812650004,0.89367661601406334082,2.8645140314762702616,0.18845223287131568357,653,653,-0.0076560159213840961456,0,0
2.1911562937523545248e-05,2.9800172780357185864,0.10040516064819379749,0.19990783294129979564,5.5212100029139898894,0.89369126297081202814,2.8645139958588576867,0.18847790786900092685,654,654,-0.0076432134956121444702,0,0
2.1975778190957835466e-05,2.9797819193296812834,0.10042000321995890599,0.20005413752378495285,5.5212652789126765995,0.893706106123623778,2.8645140318197195306,0.18850388273110293968,655,655,-0.0076304106041789054871,0,0
2.2040758483046168605e-05,2.979543743836347236,0.10043502383619971885,0.20020185910327306655,5.5213211100852035429,0.89372110461555154259,2.8645139961551873142,0.18853017232991681196,656,656,-0.0076176081784069538116,0,0
2.210651290995976895e-05,2.9793028454996739463,0.10045022239760219296,0.20035100842598854709,5.5213777129279861811,0.89373630351923161186,2.864514032179045433,0.18855676906812016136,657,657,-0.0076048052869737148285,0,0
2.2173050675696504447e-05,2.9790590667853686924,0.10046560324577709367,0.20050159626700814197,5.5214348866487128475,0.89375166196549560294,2.864513996466402812,0.18858368793276800157,658,658,-0.0075920023955404758453,0,0
2.2240381093119149204e-05,2.9788125012049597728,0.1004811663224520063,0.20065363342890660259,5.5214928482244962638,0.89376722514000095376,2.8645140325550535465,0.18861092138431234666,659,659,-0.0075791999697685241699,0,0
2.2308513585461672336e-05,2.978562990257909604,0.10049691602940857837,0.20080713074141695595,5.5215513967593858879,0.89378295216077818797,2.8645139967932427005,0.18863848452700177072,660,660,-0.0075663970783352851868,0,0
2.2377457687396065807e-05,2.9783106270133519189,0.1005128523505501581,0.20096209906005085832,5.5216107497237878476,0.89379888832947573807,2.8645140329484757302,0.18866636988065896285,661,661,-0.0075535946525633335114,0,0
2.2447223046569197616e-05,2.9780552519867571348,0.10052897974910475487,0.20111854926573291547,5.5216707061149064018,0.89381499275076470301,2.864513997136485024,0.1886945926692206732,662,662,-0.0075407917611300945282,0,0
2.2517819424698706413e-05,2.9777969577950238467,0.10054529825229434337,0.20127649226339638933,5.5217314839088782463,0.89383131084528277821,2.864514033360177514,0.188723145473493642,663,663,-0.0075279893353581428528,0,0
2.2589256699141116983e-05,2.9775355839514601186,0.10056181238610299722,0.20143593898159214972,5.5217928819926598294,0.89384780170374189545,2.8645139974968953922,0.18875204363966721632,664,664,-0.0075151864439249038696,0,0
2.2661544864017479272e-05,2.9772712226106263778,0.10057852222225628636,0.20159690037106009486,5.5218551188613016478,0.89386451086889218143,2.864514033790946268,0.18878127981119507961,665,665,-0.0075023835524916648865,0,0
2.273469403181330181e-05,2.977003712265323454,0.10059543235082973878,0.20175938740431351159,5.521917993288118609,0.8938813974168812182,2.8645139978753162424,0.18881086945912955999,666,666,-0.0074895811267197132111,0,0
2.2808714434534802515e-05,2.9767331445977918136,0.1006125428892464535,0.20192341107418740331,5.5219817243000655083,0.89389850701571682556,2.8645140342416839374,0.18884080529125307768,667,667,-0.0074767782352864742279,0,0
2.2883616425341293642e-05,2.976459357061442379,0.10062985849305683406,0.20208898239339861957,5.5220461105535818547,0.89391579872638537996,2.8645139982726299799,0.18887110290617470376,668,668,-0.0074639758095145225525,0,0
2.2959410479732660987e-05,2.9761824408561272648,0.10064737932660401676,0.20225611239307178524,5.5221113716208956035,0.8939333183453797016,2.8645140347133408731,0.18890175507772313801,669,669,-0.0074511729180812835693,0,0
2.3036107197214922049e-05,2.9759022323768475893,0.10066511011231892014,0.20242481212227628196,5.5221773060381407205,0.89395102491789946164,2.8645139986897727447,0.18893277753480464121,670,670,-0.0074383700266480445862,0,0
2.3113717302519665473e-05,2.9756188223307900032,0.10068305106272443239,0.20259509264653058347,5.5222441339366152846,0.89396896437224282472,2.8645140352069420331,0.18896416311906227836,671,671,-0.0074255676008760929108,0,0
2.319225164730354474e-05,2.9753320460353114285,0.10070120696856238451,0.20276696504731683834,5.5223116537283898353,0.89398709573714896237,2.864513999127706434,0.18899592769249540236,672,672,-0.0074127647094428539276,0,0
2.3271721211400328382e-05,2.9750419936945102783,0.10071957809183186561,0.20294044042056483268,5.5223800861183232058,0.89400546507615441527,2.8645140357235221451,0.1890280641663697192,673,673,-0.0073999622836709022522,0,0
2.3352137104555111853e-05,2.9747484995284318998,0.10073816929305606793,0.20311552987614492349,5.522449229390391956,0.89402403140082953303,2.8645139995874182581,0.18906058853865642666,674,674,-0.007387159392237663269,0,0
2.3433510567709605325e-05,2.9744516532279097198,0.10075698088501933158,0.2032922445363324615,5.5225193048378020677,0.89404284091347530072,2.8645140362641217102,0.18909349379205991903,675,675,-0.0073743565008044242859,0,0
2.3515852974771917546e-05,2.9741512878956988253,0.10077601779953263006,0.2034705955352804907,5.5225901106124251072,0.89406185260777004675,2.8645140000699735872,0.18912679606346707861,676,676,-0.0073615540750324726105,0,0
2.359917583393581305e-05,2.9738474926988707203,0.10079528040151750079,0.2036505940174654361,5.5226618686108643885,0.89408111282837066103,2.8645140368298691591,0.1891604884089030103,677,677,-0.0073487511835992336273,0,0
2.3683490789486837119e-05,2.9735400996026495335,0.10081477369561302193,0.20383225113714081855,5.5227343768488745823,0.89410058055032659574,2.8645140005764719859,0.18919458710717501626,678,678,-0.0073359487578272819519,0,0
2.3768809623156277619e-05,2.9732291972399478297,0.10083449810025355009,0.20401557805676531765,5.5228078578418768885,0.89412030226434280333,2.8645140374219666413,0.18922908528953730212,679,679,-0.0073231458663940429688,0,0
2.3855144255964295144e-05,2.9729146164178583689,0.10085445869448513012,0.20420058594643830663,5.5228821094652627011,0.89414023692606914295,2.8645140011081111631,0.18926399937980065147,680,680,-0.0073103429749608039856,0,0
2.3942506749609551714e-05,2.9725964452246640413,0.10087465595166281163,0.20438728598231192812,5.5229573548690567009,0.89416043117603438706,2.8645140380416584946,0.18929932258639814435,681,681,-0.0072975405491888523102,0,0
2.4030909308350088095e-05,2.972274513288502451,0.10089509502685273246,0.20457568934600953159,5.5230333917840654934,0.89418084394970787088,2.8645140016661163607,0.18933507148128808639,682,682,-0.007284737657755613327,0,0
2.4120364280429388464e-05,2.971948908142534318,0.10091577644976845729,0.20476580722302309412,5.5231104440109577425,0.89420152204129854656,2.8645140386902192553,0.18937123935207383907,683,683,-0.0072719352319836616516,0,0
2.421088415999580112e-05,2.9716194582146191472,0.10093670545315985843,0.20495765080211575393,5.5231883091317692802,0.89422242436530052778,2.8645140022517159295,0.18940784292209608686,684,684,-0.0072591323405504226685,0,0
2.4302481588565699803e-05,2.9712862504723562829,0.10095788262456679985,0.20515123127370551992,5.5232672116143461949,0.89424359787356899609,2.8645140393689847436,0.18944487556015207619,685,685,-0.0072463294491171836853,0,0
2.4395169356982559096e-05,2.9709491121219140375,0.1009793132761113571,0.20534655982925387185,5.5233469488873794262,0.89426500145878362602,2.8645140028662430254,0.18948235414425737555,686,686,-0.0072335270233452320099,0,0
2.4488960406917890028e-05,2.9706081295546944432,0.10100099805467221969,0.20554364765963695216,5.5234277461030085732,0.89428668223451890373,2.8645140400794035784,0.18952027212648397958,687,687,-0.0072207241319119930267,0,0
2.4583867832870783324e-05,2.9702631287335168331,0.10102294235346656603,0.20574250595452142631,5.5235094005316600629,0.89430859907075332949,2.864514003511094753,0.18955864654288792637,688,688,-0.0072079217061400413513,0,0
2.4679904883707479873e-05,2.9699141954629442175,0.10104514688026136615,0.20594314590072484994,5.5235921380275501136,0.89433079924698055674,2.8645140408229634588,0.18959747093093604065,689,689,-0.0071951188147068023682,0,0
2.4777084964702123822e-05,2.9695611544403104354,0.10106761711114183033,0.20614557868157976084,5.5236757556978268724,0.89435324160955353978,2.8645140041877459325,0.18963676248818459036,690,690,-0.007182315923273563385,0,0
2.4875421639115984356e-05,2.9692040908729735449,0.10109035381633127426,0.20634981547528508106,5.5237604801166826363,0.89437597360817855385,2.8645140416011782847,0.1896765148396388212,691,691,-0.0071695134975016117096,0,0
2.4974928630280306325e-05,2.9688428281703131972,0.10111336255660273442,0.2065558674542602724,5.5238461082231875565,0.89439895406465885763,2.8645140048977162373,0.18971674534789226274,692,692,-0.0071567106060683727264,0,0
2.5075619823215925333e-05,2.9684774509319851177,0.10113664416624745801,0.20676374578348874489,5.5239328673298828676,0.89442223060330960926,2.8645140424157315984,0.18975744772768962654,693,693,-0.007143908180296421051,0,0
2.5177509266759056159e-05,2.9681077812567582264,0.1011602042925772299,0.20697346161986354685,5.5240205542023268492,0.89444576202037984203,2.8645140056426017239,0.18979863951027542424,694,694,-0.0071311052888631820679,0,0
2.5280611175222263381e-05,2.9677339031261049662,0.10118404383560589133,0.20718502611052475038,5.5241093969106920269,0.89446959611935217271,2.8645140432683033893,0.18984031450237623395,695,695,-0.0071183023974299430847,0,0
2.5384939930564170155e-05,2.9673556373051717117,0.10120816853108327571,0.20739845039219828582,5.524199192041583828,0.89449369166989378677,2.864514006424142778,0.18988249040758897745,696,696,-0.0071054999716579914093,0,0
2.5490510084092577191e-05,2.9669730671469753958,0.10123257934642115874,0.20761374558952869207,5.5242901684419392083,0.89451809665926551585,2.8645140441606691262,0.18992516112689966645,697,697,-0.0070926970802247524261,0,0
2.5597336358679037175e-05,2.9665860120596541094,0.10125728210776072102,0.20783092281441276072,5.5243821225142228926,0.8945427698295334018,2.8645140072440500312,0.18996834454004760118,698,698,-0.0070798946544528007507,0,0
2.5705433650504931875e-05,2.9661945547573984605,0.10128227785163622376,0.20804999316432934431,5.5244752839019648505,0.89456775935648236153,2.8645140450946717792,0.19001203464461549619,699,699,-0.0070670917630195617676,0,0
2.5814817031321959126e-05,2.9657985132678810203,0.10130757249656421881,0.20827096772166947547,5.5245694488178580528,0.8945930239534966022,2.8645140081041646773,0.19005624950034386011,700,700,-0.0070542893372476100922,0,0
2.5925501750242113355e-05,2.9653979696561423296,0.10133316714996624952,0.20849385755206489845,5.5246648477224304941,0.89461861198975567433,2.8645140460722888776,0.19010098320379559267,701,701,-0.007041486445814371109,0,0
2.6037503236044993158e-05,2.964992740545519645,0.10135906782477210886,0.2087186737037165507,5.5247612766327440781,0.89464448214884251254,2.8645140090064447058,0.19014625399867576827,702,702,-0.0070286835543811321259,0,0
2.6150837099012637301e-05,2.9645829073418306088,0.10138527570108460396,0.20894542720572348293,5.5248589668471588254,0.89467068299831264966,2.8645140470955401391,0.19019205608294134646,703,703,-0.0070158811286091804504,0,0
2.6265519133284510086e-05,2.9641682852398614223,0.10141179688833767969,0.20917412906741100764,5.5249577141812427072,0.89469717319080277473,2.8645140099528445532,0.19023840788832055426,704,704,-0.0070030782371759414673,0,0
2.6381565318738239763e-05,2.963748954976238803,0.1014386326411534367,0.20940479027666217271,5.5250577507927092213,0.89472400149738684494,2.8645140481665465337,0.19028530371662674692,705,705,-0.0069902758114039897919,0,0
2.6498991823393332011e-05,2.9633247302927632205,0.10146578916760391753,0.20963742179924746423,5.5251588722895110806,0.89475112653854471656,2.8645140109455575761,0.19033276219175462862,706,706,-0.0069774729199707508087,0,0
2.6617815005338769593e-05,2.9628956912469401885,0.10149326779871044313,0.2098720345771603879,5.5252613117104489859,0.89477859729410669232,2.864514049287595121,0.19038077772189729298,707,707,-0.0069646700285375118256,0,0
2.6738051415186358585e-05,2.9624616501029463755,0.10152107484336589383,0.2101086395279503638,5.5253648644496298203,0.8948063723511650025,2.8645140119867762429,0.19042936912734959032,708,708,-0.0069518676027655601501,0,0
2.6859717798046039701e-05,2.9620226862293717041,0.10154921171091507714,0.21034724754306413641,5.5254697644495829323,0.89483450090369709429,2.8645140504609907239,0.19047853092524819063,709,709,-0.006939064711332321167,0,0
2.6982831096030232684e-05,2.9615786103878498636,0.10157768481330631261,0.21058786948718410947,5.5255758068840385988,0.89486294150412892812,2.8645140130787951627,0.19052828213662401091,710,710,-0.0069262622855603694916,0,0
2.7107408450277686006e-05,2.9611295012484162292,0.10160649564017719404,0.2108305161965771668,5.5256832266225082151,0.89489174356613054861,2.8645140516892229066,0.19057861739017301073,711,711,-0.0069134593941271305084,0,0
2.72334672035098799e-05,2.9606751680451064423,0.10163565070880514751,0.21107519847844025129,5.5257918186112267023,0.89492086560608230528,2.8645140142240381742,0.19062955591208613493,712,712,-0.0069006565026938915253,0,0
2.7361024902104380058e-05,2.9602156887399173613,0.10166515159113748146,0.21132192710925809531,5.525901818670755361,0.89495035726305660617,2.8645140529747732394,0.19068109244528344548,713,713,-0.0068878540769219398499,0,0
2.7490099298704193776e-05,2.9597508710137359067,0.1016950049121305294,0.21157071283415787577,5.5260130215131759712,0.89498017701603416185,2.8645140154251098608,0.19073324642566072407,714,714,-0.0068750511854887008667,0,0
2.7620708354342037103e-05,2.9592807921115067415,0.10172521232807693603,0.21182156636527837978,5.526125663933854959,0.89501037473525291155,2.8645140543204004047,0.19078601271306019904,715,715,-0.0068622487597167491913,0,0
2.7752870241103558898e-05,2.958805258135247751,0.10175578057401123144,0.21207449838113484608,5.526239540403802053,0.89504090886088150114,2.8645140166846232432,0.1908394109577228881,716,716,-0.0068494458682835102081,0,0
2.7886603344303439615e-05,2.958324345603867922,0.10178671139267282675,0.21232951952500142556,5.5263548887183624458,0.89507182950031893842,2.8645140557288915062,0.19089343613917236775,717,717,-0.006836642976850271225,0,0
2.8021926265203635236e-05,2.9578378590145670834,0.10181801163162461366,0.21258664040428806863,5.5264715030999189693,0.89510309505341234537,2.8645140180053543233,0.19094810812674650746,718,718,-0.0068238405510783195496,0,0
2.8158857823242341078e-05,2.9573458741516063242,0.10184968312219346009,0.21284587158893800152,5.5265896223695119005,0.89513475587086988039,2.8645140572031455584,0.19100342202245013112,719,719,-0.0068110376596450805664,0,0
2.8297417058808519363e-05,2.9568481938812842813,0.10188173282697496336,0.21310722361081879672,5.5267090404933378878,0.89516677031067359849,2.8645140193902243197,0.19105939791956411122,720,720,-0.006798235233873128891,0,0
2.8437623235524690281e-05,2.9563448932447022877,0.10191416266807834523,0.21337070696213625287,5.5268299973443761886,0.8951991889731242269,2.8645140587462409876,0.19111603104544405696,721,721,-0.0067854323424398899078,0,0
2.8579495843078847736e-05,2.9558357734509903558,0.10194697972569291555,0.21363633209484150788,5.5269522866247218218,0.89523197017273481446,2.8645140208422272821,0.19117334172227110067,722,722,-0.0067726294510066509247,0,0
2.8723054599562080545e-05,2.9553209087899436902,0.10198018601495485724,0.21390410941906284892,5.5270761492866302689,0.89526516476589035332,2.8645140603613827857,0.19123132530566100407,723,723,-0.0067598270252346992493,0,0
2.8868319454359160463e-05,2.9548000987870297607,0.10201378873626454347,0.21417404930253081119,5.5272013787596332435,0.89529873102193135992,2.8645140223645650934,0.1912900023517697945,724,724,-0.0067470241338014602661,0,0
2.9015310590542121763e-05,2.9542734169729674143,0.10204779000007785372,0.21444616206902994415,5.5273282171033963905,0.89533272006000486076,2.864514062051978005,0.19134936834742960476,725,725,-0.0067342217080295085907,0,0
2.916404842782057525e-05,2.9537406611627927688,0.1020821971296894809,0.2147204579978431449,5.5274564574661955163,0.89536709010251047669,2.8645140239606772248,0.19140944408796931042,726,726,-0.0067214188165962696075,0,0
2.9314553624992425302e-05,2.9532019041209434107,0.10211701233320086279,0.21499694732222510152,5.52758634304342511,0.89540189253816449,2.8645140638215202955,0.19147022519443304689,727,727,-0.0067086159251630306244,0,0
2.9466847082954983897e-05,2.9526569419250341397,0.1021522430595541292,0.21527564022886755413,5.5277176666936753691,0.89543708554063961014,2.8645140256339534091,0.1915317327066337616,728,728,-0.006695813499391078949,0,0
2.9620949947213956753e-05,2.9521058465661793591,0.10218789161688961176,0.2155565468563960807,5.5278506727775216234,0.89547272077523643041,2.8645140656736356455,0.19159396238289322367,729,729,-0.0066830106079578399658,0,0
2.9776883610956722797e-05,2.9515484123576247733,0.1022239655825983029,0.21583967729485803444,5.5279851538546616041,0.89550875636501403587,2.8645140273880524973,0.19165693551292842245,730,730,-0.0066702081821858882904,0,0
2.9934669717620676979e-05,2.950984710510494935,0.10226046736730634579,0.21612504158424430956,5.5281213554810815225,0.89554524425905213114,2.8645140676121951806,0.19172064799545962543,731,731,-0.0066574052907526493073,0,0
3.0094330164029776335e-05,2.9504145335465681299,0.10229740467972030238,0.21641264971400128725,5.5282590699082518881,0.89558214252783874265,2.8645140292268673754,0.19178512137564540652,732,732,-0.0066446023993194103241,0,0
3.0255887103023320288e-05,2.9498379518909181307,0.10233478003544178858,0.21670251162157891378,5.5283985439182670163,0.89561950341160145861,2.864514069641256544,0.19185035169577058234,733,733,-0.0066317999735474586487,0,0
3.0419362946657169377e-05,2.9492547562465123434,0.10237260127743387506,0.21699463719196862566,5.5285395694448382642,0.89565728492624019363,2.8645140311543704215,0.19191636076210874529,734,734,-0.0066189970821142196655,0,0
3.0584780368894128565e-05,2.9486650162467911152,0.10241087102882018289,0.21728903625627923879,5.5286823945280056947,0.89569553961071679549,2.8645140717649977269,0.19198314476372280168,735,735,-0.0066061946563422679901,0,0
3.075216230887101431e-05,2.9480685207484653709,0.10244959726982602599,0.21758571859130207415,5.5288268107737463808,0.89573422542422764803,2.8645140331747365181,0.19205072577380133403,736,736,-0.006593391764909029007,0,0
3.0921531973651867394e-05,2.947465338588322048,0.10248878273369510516,0.21788469391811621234,5.5289730675125010606,0.89577339521224463859,2.8645140739877503755,0.19211910013145336307,737,737,-0.0065805893391370773315,0,0
3.1092912841561935592e-05,2.9468552567493464522,0.10252843554099100309,0.21818597190168195765,5.5291209560125622602,0.89581300687511322689,2.8645140352923412763,0.19218829018270244813,738,738,-0.0065677864477038383484,0,0
3.1266328665005023836e-05,2.9462383432671996886,0.10256855853772663123,0.21848956214947695686,5.5292707269278205118,0.89585311357274866051,2.8645140763141272444,0.19225829242002531738,739,739,-0.0065549835562705993652,0,0
3.1441803473865829056e-05,2.94561438322350444,0.1026091599879557642,0.21879547421111958383,5.5294221711785809248,0.89589367314441392676,2.8645140375117450482,0.19232912946834351819,740,740,-0.0065421811304986476898,0,0
3.161936157839254915e-05,2.9449834438489723709,0.10265024285316960706,0.21910371757703717144,5.5295755407764710654,0.89593473907266207856,2.864514078748988446,0.19240079797686979179,741,741,-0.0065293782390654087067,0,0
3.1799027572668715183e-05,2.9443453082963149114,0.10269181554412044888,0.21941430167812031593,5.5297306262826486645,0.89597626913329331266,2.8645140398377706425,0.19247332085561030812,742,742,-0.0065165758132934570312,0,0
3.198082633756212643e-05,2.9437000429880639807,0.1027338811405483221,0.21972723588442402698,5.5298876811017523281,0.89601831713991841877,2.8645140812972917921,0.19254669491393955338,743,743,-0.0065037729218602180481,0,0
3.216478304426788077e-05,2.9430474291203743142,0.10277644820319405128,0.22004252950485500562,5.530046495424643993,0.89606084080244208234,2.8645140422753363474,0.19262094335327478722,744,744,-0.0064909700304269790649,0,0
3.235092315732482842e-05,2.9423875323049979436,0.10281951993288127034,0.2203601917859067949,5.5302073240853477643,0.89610389427419534503,2.8645140839642979635,0.19269606314663539903,745,745,-0.0064781676046550273895,0,0
3.2539272438230850857e-05,2.9417201317539811711,0.10286310504369253205,0.22068023191138050332,5.5303699568924571395,0.89614743519661210769,2.864514044829745032,0.19277207779331012594,746,746,-0.0064653647132217884064,0,0
3.272985694852802586e-05,2.9410452922665610842,0.10290720686042148513,0.22100265900115517725,5.5305346501465937337,0.89619151807163066614,2.8645140867555434205,0.1928489844334884129,747,747,-0.006452562287449836731,0,0
3.2922703053491679612e-05,2.9403627910430509829,0.10295183425392830101,0.22132748211094308011,5.5307011932619509764,0.89623610046955215491,2.8645140475064923002,0.19292680687093730074,748,748,-0.0064397593960165977478,0,0
3.3117837425285543774e-05,2.9396726920691889084,0.10299699067592699153,0.22165471023109642457,5.5308698440440409172,0.89628123725005948152,2.8645140896767817829,0.19300554241659667598,749,749,-0.0064269565045833587646,0,0
3.3315287046725814042e-05,2.9389747705060322858,0.10304268515756262459,0.22198435228639812333,5.5310403914998360619,0.89632688590953135677,2.8645140503112411778,0.19308521518546181706,750,750,-0.0064141540788114070892,0,0
3.351507921450759352e-05,2.9382690895257033148,0.10308892128048290082,0.22231641713490546408,5.5312130949793498758,0.89637310167480732659,2.8645140927339154402,0.1931658226628472641,751,751,-0.0064013511873781681061,0,0
3.3717241543045116479e-05,2.9375554222224402601,0.10313570823971263124,0.22265091356777710896,5.531387743069351437,0.89641984196546242725,2.8645140532499770991,0.19324738928188101017,752,752,-0.0063885487616062164307,0,0
3.392180196777084682e-05,2.9368338309555559462,0.10318304974990170908,0.22298785030815473918,5.5315645967045359299,0.89646716238511070518,2.8645140959332322517,0.19332991270593047339,753,753,-0.0063757458701729774475,0,0
3.4128788749053398481e-05,2.9361040867251246844,0.10323095517362361473,0.22332723601102713595,5.5317434440380592875,0.89651502027353657809,2.8645140563289612778,0.19341341769329828404,754,754,-0.0063629429787397384644,0,0
3.4338230475570454513e-05,2.9353662510793436802,0.10327942836166756346,0.22366907926215029434,5.5319245476307292719,0.89656347162102223436,2.864514099281286974,0.19349790208913725253,755,755,-0.0063501405529677867889,0,0
3.4550156068305685163e-05,2.9346200928968944055,0.10332847884790506698,0.22401338857794925175,5.532107695188126506,0.89661247368443541816,2.8645140595547009532,0.19358339098411950219,756,756,-0.0063373376615345478058,0,0
3.4764594783996585325e-05,2.933865672917522982,0.10337811062247222182,0.22436017240447700405,5.5322931509400037342,0.8966620828509257457,2.8645141027849354565,0.1936698824089666815,757,757,-0.0063245352357625961304,0,0
3.4981576219211996278e-05,2.9331027578714601312,0.10342833339436766082,0.22470943911735485887,5.5324807021296980025,0.89671225629116979583,2.8645140629340803962,0.19375740179407133223,758,758,-0.0063117323443293571472,0,0
3.5201130313876203204e-05,2.9323314076939199779,0.10347915129633315778,0.22506119702077087563,5.532670614699640943,0.89676305079963625211,2.8645141064513297557,0.19384594735953813993,759,759,-0.0062989294528961181641,0,0
3.5423287355428327745e-05,2.931551386939691195,0.10353057421641866098,0.22541545434745879906,5.5328626754160676882,0.89681442345742845568,2.864514066474205034,0.19393554488299744043,760,760,-0.0062861270271241664886,0,0
3.5648077982423966308e-05,2.9307627547443471094,0.10358260643330752249,0.2257722192577366338,5.5330571519791593715,0.89686643147709055324,2.8645141102879194683,0.19402619277781352203,761,761,-0.0062733241356909275055,0,0
3.5875533188777666382e-05,2.9299652734605552418,0.10363525801810523352,0.22613149983952415822,5.5332538306625851376,0.89691903184662424842,2.8645140701825653196,0.19411791717652326916,762,762,-0.0062605217099189758301,0,0
3.6105684327443521872e-05,2.9291590014304760281,0.10368853339882810882,0.22649330410742199438,5.5334529809703223435,0.89697228220767288853,2.8645141143025254493,0.19421071668966014001,763,763,-0.0062477188184857368469,0,0
3.6338563114742305279e-05,2.92834369877807843,0.10374244283374059461,0.22685764000276842367,5.5336543886676645698,0.89702613945148279573,2.864514074066968341,0.19430461781251373576,764,764,-0.0062349159270524978638,0,0
3.6574201634122117802e-05,2.9275194230596373046,0.10379699090364971625,0.22722451539275864696,5.5338583251097483995,0.89708066166013256115,2.8645141185033344833,0.19439961935673588656,765,765,-0.0062221135012805461884,0,0
3.6812632340571573302e-05,2.9266859321442248998,0.10385218805816440191,0.2275939380705412074,5.5340645755368980119,0.89713580562428762999,2.8645140781355751258,0.1944957481883747008,766,766,-0.0062093106098473072052,0,0
3.7053888064461634809e-05,2.9258432828109941504,0.10390803903441479805,0.22796591575437713528,5.5342734132041657702,0.89719162987811607035,2.8645141228988264537,0.1945930033242004864,767,767,-0.0061965081840753555298,0,0
3.7298002016046374917e-05,2.9249912306483549784,0.10396455447762581459,0.22834045608777617242,5.534484622809814347,0.89724809110772796306,2.8645140823968398003,0.19469141200918160806,768,768,-0.0061837052926421165466,0,0
3.7545007789387482714e-05,2.9241298316682979852,0.10402173928486763144,0.22871756663869630133,5.5346984795591822603,0.89730524831138369635,2.8645141274979155632,0.19479097346926629863,769,769,-0.0061709024012088775635,0,0
3.7794939366943840653e-05,2.9232588391532656757,0.10407960430133259,0.22909725489971935475,5.5349147675901271271,0.89736305806643479333,2.8645140868596024042,0.19489171533667473679,770,770,-0.0061580999754369258881,0,0
3.8047831123579650583e-05,2.9223783083597414389,0.10413815458771125133,0.22947952828729017982,5.5351337641104541021,0.89742157984762116474,2.8645141323098459729,0.19499363705060410168,771,771,-0.0061452970840036869049,0,0
3.8303717831244480513e-05,2.9214879902389729871,0.10419740119362781716,0.22986439414193188258,5.5353552526787641597,0.89748077011915372569,2.8645140915331608333,0.1950967666390624744,772,772,-0.0061324946582317352295,0,0
3.8562634663066473403e-05,2.920587939305259173,0.10425734934713520863,0.23025185972752473806,5.5355795125585585126,0.89754068884496063241,2.8645141373443170352,0.19520110375859911489,773,773,-0.0061196917667984962463,0,0
3.8824617198124042902e-05,2.9196779041540277255,0.10431801030684315079,0.23064193223156051471,5.5358063267099311133,0.89760129237157038062,2.8645140964272628459,0.19530667684170147091,774,774,-0.0061068893410265445709,0,0
3.9089701425625377851e-05,2.9187579385721567071,0.10437938947199038031,0.23103461876446063084,5.53603597650666579,0.89766264116514493665,2.8645141426115277028,0.19541348576643075008,775,775,-0.0060940864495933055878,0,0
3.93579237497730948e-05,2.917827788775150033,0.10444149831481899793,0.231429926359869087,5.5362682442901647306,0.89772469144977795619,2.8645141015520154681,0.19552155937862519819,776,776,-0.0060812835581600666046,0,0
3.9629320994031346057e-05,2.9168875078390317235,0.10450434240964960597,0.23182786197400948036,5.5365034136010251586,0.8977875042073211187,2.8645141481220135482,0.19563089778203501812,777,777,-0.0060684811323881149292,0,0
3.9903930406084987521e-05,2.9159368395757558901,0.10456793344710511862,0.23222843248601623967,5.5367412661409884933,0.89785103553447653812,2.8645141069179831383,0.19574153024490989483,778,778,-0.006055678240954875946,0,0
4.0181789662195408353e-05,2.9149758363688818008,0.10463227718055449766,0.23263164469733005335,5.5369820876754527461,0.89791534694260366489,2.8645141538868252873,0.19585345710089382965,779,779,-0.0060428758151829242706,0,0
4.0462936872255521954e-05,2.914004239603722457,0.10469738552385304819,0.23303750533206651907,5.5372256592448438894,0.89798039439584609323,2.864514112536249435,0.19596670804989610448,780,780,-0.0060300729237496852875,0,0
4.0747410584235320137e-05,2.9130221009916215102,0.10476326441346041352,0.23344602103644904179,5.5374722688988153863,0.89804623994927856856,2.864514159917516789,0.19608128365969443307,781,781,-0.0060172700323164463043,0,0
4.1035249789334279674e-05,2.9120291594689242665,0.10482992599140891765,0.23385719837921462028,5.5377216969940361579,0.89811283942909481137,2.8645141184183340322,0.19619721407127638235,782,782,-0.0060044676065444946289,0,0
4.1326493926517928466e-05,2.9110254660969219209,0.10489737638136965858,0.23427104385108346585,5.5379742339255386696,0.89818025544869262156,2.8645141662260344972,0.19631450009082371255,783,783,-0.0059916647151112556458,0,0
4.162118288776890093e-05,2.910010757341241483,0.10496562795861100192,0.23468756386520125967,5.5382296593434174881,0.89824844369073730821,2.8645141245762455462,0.19643317231001550249,784,784,-0.0059788622893393039703,0,0
4.1919357022715641027e-05,2.9089850836374102627,0.10503468703820602326,0.23510676475664440965,5.5384882660506846719,0.89831746734194906079,2.8645141728249976509,0.19655323177772604515,785,785,-0.0059660593979060649872,0,0
4.2221057143983183925e-05,2.9079481789593790708,0.10510456623381340957,0.23552865278289752959,5.5387498329667046448,0.8983872819355995798,2.864514131022553034,0.19667470954613044953,786,786,-0.005953256506472826004,0,0
4.2526324531915385006e-05,2.9069000931434030299,0.10517527205617870079,0.23595323412339377911,5.5390146553673487162,0.89845795124720906344,2.8645141797275264217,0.19679760691108996729,787,787,-0.0059404540807008743286,0,0
4.2835200940026911813e-05,2.9058405576515085045,0.10524681736261165543,0.23638051488002689848,5.5392825114158918964,0.89852943065450396887,2.8645141377703180474,0.19692195539528623005,788,788,-0.0059276511892676353455,0,0
4.3147728599819846075e-05,2.9047696217493541582,0.10531920886388788927,0.23681050107672541039,5.5395536989282021523,0.89860178453777395102,2.8645141869472734442,0.19704775654587908251,789,789,-0.00591484876349568367,0,0
4.346395022633826828e-05,2.9036870143676636324,0.10539245966633008222,0.23724319865999796142,5.5398279952849769359,0.89867496811274838464,2.8645141448332300804,0.19717504236625901792,790,790,-0.0059020458720624446869,0,0
4.3783909023079984897e-05,2.9025927842327345907,0.10546657668516609685,0.23767861349853988684,5.5401057009107397278,0.89874904638089858633,2.8645141944984531257,0.19730381465919394346,791,791,-0.0058892429806292057037,0,0
4.4107648687655148919e-05,2.9014866577253237701,0.10554157328121763215,0.23811675138381138694,5.5403865923767332546,0.89882397438927408295,2.864514152225566157,0.19743410591919216546,792,792,-0.0058764405548572540283,0,0
4.4435213416794575947e-05,2.90036868306599116,0.10561745657866523918,0.23855761802967553886,5.5406709727865219861,0.89889981777737426594,2.8645142023959770938,0.19756591820895255673,793,793,-0.0058636376634240150452,0,0
4.4766647912113044451e-05,2.899238584067918012,0.10569424019841788809,0.23900121907300719837,5.5409586178737422202,0.89897653141658440124,2.8645141599621952722,0.19769928452470580948,794,794,-0.0058508352376520633698,0,0
4.5101997385215217154e-05,2.8980964084821443372,0.10577193147819345664,0.23944756007336145953,5.5412498334939108702,0.89905418160182415388,2.8645142106554328798,0.19783420719339664395,795,795,-0.0058380323462188243866,0,0
4.5441307563565199888e-05,2.8969418775376558628,0.10585054430467985553,0.23989664651361256031,5.5415443945132318859,0.89913272302145208492,2.8645141680586765354,0.19797071972379265414,796,796,-0.0058252294547855854034,0,0
4.5784624695690474849e-05,2.8957750385549458905,0.10593008623379432387,0.24034848379965054188,5.5418426096143784676,0.89921222264373013022,2.8645142192929720082,0.19810882471138410721,797,797,-0.005812427029013633728,0,0
4.6131995557159317239e-05,2.8945956101631780122,0.10601057142381307974,0.24080307726104954735,5.542144252765438317,0.89929263496632128039,2.864514176531170353,0.19824855618849573924,798,798,-0.0057996241375803947449,0,0
4.6483467455883675529e-05,2.89340363929404365,0.10609200765359526331,0.24126043215079120974,5.5424496355534182968,0.8993740276492683261,2.8645142283254294568,0.19838991702346089885,799,799,-0.0057868217118084430695,0,0
4.6839088238204913445e-05,2.8921988419623256839,0.10617440935893139586,0.24172055364596026217,5.5427585310165197185,0.89945635499153619996,2.8645141853965414569,0.19853294178339167542,800,800,-0.0057740188203752040863,0,0
4.719890629429685018e-05,2.8909812647557613374,0.10625778454643328153,0.24218344684749357199,5.5430712537255146799,0.89953968536393014155,2.8645142377704595482,0.19867763361372292596,801,801,-0.0057612159289419651031,0,0
4.7562970564361142334e-05,2.8897506210612515787,0.10634214793544796707,0.24264911678090178571,5.5433875757553927599,0.89962397285831641192,2.8645141946724299586,0.1988240276278084584,802,802,-0.0057484135031700134277,0,0
4.7931330544131039724e-05,2.8885069571705064284,0.10642750776523175749,0.24311756839604251046,5.5437078147426293029,0.89970928657583737476,2.8645142476464182657,0.19897212725241511522,803,803,-0.0057356106117367744446,0,0
4.8304036291177355946e-05,2.8872499838303000708,0.10651387904484116431,0.24358880656786627283,5.5440317417642690501,0.89979558039246088086,2.8645142043771292251,0.19912196815879862344,804,804,-0.0057228081859648227692,0,0
4.8681138430513346373e-05,2.8859797470872732283,0.10660127025116113153,0.24406283609621162722,5.5443596776071961685,0.89988292415986326223,2.8645142579723752441,0.19927355405926797105,805,805,-0.005710005294531583786,0,0
4.9062688161012527716e-05,2.8846959550372055503,0.10668969668922057004,0.24453966170657445711,5.5446913923143696934,0.8999712715289160947,2.8645142145298132519,0.19942692119484367597,806,806,-0.0056972028687596321106,0,0
4.9448737261115525239e-05,2.8833986535361373349,0.10677916707857713907,0.24501928804992378907,5.5450272099096968859,0.90006069312257519499,2.8645142687682869642,0.19958207356753213113,807,807,-0.0056843999773263931274,0,0
4.9839338095360330861e-05,2.8820875480191037177,0.10686969702662876824,0.24550171970349218831,5.5453668993648523866,0.90015114235702498036,2.8645142251504189801,0.19973904800021366479,808,808,-0.0056715970858931541443,0,0
5.0234543620191682018e-05,2.8807626842094671282,0.10696129550072715209,0.2459869611706106407,5.5457107880299414404,0.90024269064787498795,2.8645142800548888395,0.19989784878869709672,809,809,-0.0056587946601212024689,0,0
5.0634407390604354617e-05,2.8794237648733105317,0.10705397841714513196,0.24647501688151826627,5.5460586437666421489,0.90033529116659838376,2.8645142362596902608,0.20005851335001775815,810,810,-0.0056459917686879634857,0,0
5.1038983566055642742e-05,2.8780708356626290012,0.10714775499624182298,0.24696589119321438188,5.5464107973433991461,0.90042901614349990513,2.8645142918538977206,0.20022104627785003439,811,811,-0.0056331893429160118103,0,0
5.1448326917222777447e-05,2.8767035966679093129,0.10724264146977419143,0.24745958839028658893,5.5467670154709054486,0.90052381849478591036,2.8645142478793004237,0.20038548559589358655,812,812,-0.0056203864514827728271,0,0
5.1862492832018649614e-05,2.8753220935348720033,0.10733864731640041512,0.24795611268477779632,5.5471276324312830397,0.90061977128821912864,2.864514304187887106,0.20055183619967034692,813,813,-0.005607583560049533844,0,0
5.2281537322463849239e-05,2.8739260236732007137,0.10743578909009182665,0.24845546821703062834,5.547492413741544226,0.90071682717367540505,2.8645142600318211912,0.20072013673227789843,814,814,-0.0055947811342775821686,0,0
5.2705517030805644995e-05,2.8725154327913751118,0.10753407653316643389,0.24895765905556743736,5.5478616972953878062,0.90081506007981804185,2.8645143170802622734,0.20089039239498701628,815,815,-0.0055819782428443431854,0,0
5.3134489236505518157e-05,2.8710900156145369166,0.1076335265286716969,0.24946268919794969965,5.5482352473722604813,0.90091442237867203069,2.8645142727406840422,0.20106264246324959122,816,816,-0.00556917581707239151,0,0
5.3568511862461988407e-05,2.8696498179870841838,0.10773414908801076662,0.24997056257066962992,5.5486134055780897967,0.90101498888393860565,2.8645143305555031965,0.20123689244788486863,817,817,-0.0055563729256391525269,0,0
5.4007643482113391669e-05,2.8681945319473953759,0.10783596143029036685,0.25048128303002187289,5.5489959349087758511,0.901116711677695581,2.8645142860303565158,0.20141318226988880191,818,818,-0.0055435700342059135437,0,0
5.4451943325764531824e-05,2.8667242035532471967,0.10793897384149091223,0.25099485436200469346,5.5493831807862692429,0.901219666483588977,2.8645143446390677333,0.20159151775331202172,819,819,-0.0055307676084339618683,0,0
5.4901471287805596929e-05,2.8652385221556753159,0.10804320388388359564,0.25151128028320302032,5.5497749048751305878,0.9013238050810850055,2.8645142999262893646,0.20177193947810584396,820,820,-0.0055179647170007228851,0,0
5.5356287933141972769e-05,2.8637375341075097523,0.10814866212359684761,0.25203056444069654729,5.550171456520375024,0.9014292041294679203,2.8645143593574950991,0.20195445358513033907,821,821,-0.0055051622912287712097,0,0
5.5816454504530042845e-05,2.8622209260737774272,0.10825536647327396733,0.25255271041295274115,5.550572596004959891,0.90153581509228519764,2.8645143144549418679,0.20213910132690968147,822,822,-0.0054923593997955322266,0,0
5.6282032929109587782e-05,2.8606887447884821185,0.10836332778484018824,0.25307772170973980019,5.5509786767078699299,0.90164371559101141873,2.8645143747383836619,0.20232588916455696015,823,823,-0.0054795565083622932434,0,0
5.6753085825856367441e-05,2.859140674233655588,0.10847256432863848497,0.25360560177302732265,5.551389457477737821,0.90175285675929439666,2.8645143296438986269,0.20251485903702204361,824,824,-0.005466754082590341568,0,0
5.7229676512217248483e-05,2.8575767616153942008,0.1085830872480973569,0.25413635397690281792,5.5518052958417341003,0.90186331720819168378,2.8645143908104193642,0.20270601772895549542,825,825,-0.0054539511911571025848,0,0
5.771186901167888421e-05,2.8559966882374858699,0.10869491517871429642,0.25466998162847759302,5.5522259491595686853,0.90197504772683056995,2.8645143455218784467,0.20289940787981039505,826,826,-0.0054411487653851509094,0,0
5.8199728060505631264e-05,2.8544005018738540791,0.10880805956118745625,0.25520648796780526224,5.552651779224010653,0.9020881279440797762,2.8645144076035067293,0.2030950366009018071,827,827,-0.0054283458739519119263,0,0
5.8693319115423879962e-05,2.8527878811567841666,0.10892253940373351762,0.2557458761687909643,5.5530825418488722889,0.90220250828921688679,2.8645143621187245664,0.20329294724647115067,828,828,-0.0054155429825186729431,0,0
5.9192708360461642055e-05,2.8511588745285560975,0.10903836645016426465,0.25628814933910926133,5.5535186032140266832,0.90231826943809123609,2.8645144251487844045,0.20349314725746081578,829,829,-0.0054027405567467212677,0,0
5.9697962714748883917e-05,2.8495131579588139914,0.1091555600890763561,0.25683331052111585402,5.553959717527281903,0.90243536144399583154,2.864514379465480598,0.20369568071739113657,830,830,-0.0053899376653134822845,0,0
6.0209149839457125179e-05,2.8478507806639781208,0.10927413237329489104,0.2573813626917617059,5.5544062554811333143,0.90255386605989740278,2.8645144434785061449,0.20390055539958532038,831,831,-0.0053771352395415306091,0,0
6.0726338145715896746e-05,2.8461714159615549846,0.10939410307959887558,0.25793230876350592418,5.5548579696153739249,0.90267373294624320135,2.8645143975945019932,0.20410781613157610859,832,832,-0.005364332348108291626,0,0
6.1249596801651238999e-05,2.8444751139533432926,0.10951548457576225359,0.25848615158422488802,5.5553152352636985256,0.90279504496413898185,2.8645144626263645549,0.20431747102160119356,833,833,-0.0053515294566750526428,0,0
6.1778995740416624456e-05,2.8427615453174079896,0.10963829703465012566,0.25904289393812302,5.555777803233023171,0.90291775136349738951,2.864514416539310826,0.20452956565613816808,834,834,-0.0053387270309031009674,0,0
6.2314605667329820218e-05,2.8410307611575240649,0.10976255314498944982,0.25960253854563514198,5.5562460536316260473,0.90304193614566929948,2.8645144826272912475,0.20474410848064275581,835,835,-0.0053259241394698619843,0,0
6.2856498068017584093e-05,2.8392824295270746582,0.10988827348373877979,0.26016508806433413792,5.5567197354654318531,0.90316754813142463565,2.8645144363347916361,0.20496114585568367406,836,836,-0.0053131217136979103088,0,0
6.340474521564887873e-05,2.8375166026541309705,0.11001547106662644404,0.2607305450888242615,5.5571992337549129815,0.90329467249551942398,2.8645145035176109438,0.20518068656597521215,837,837,-0.0053003188222646713257,0,0
6.3959420179192426423e-05,2.835732945984234199,0.1101441668828206516,0.26129891215164352536,5.5576842956339165269,0.90342325761005948248,2.8645144570172260678,0.20540277776153370581,838,838,-0.0052875159308314323425,0,0
6.4520596830743964225e-05,2.8339315129978954744,0.11027437428114397755,0.26187019172314551785,5.5581753111770852982,0.90355338985745747848,2.8645145253351294024,0.20562742856809615444,839,839,-0.0052747135050594806671,0,0
6.5088349853895647755e-05,2.8321119665518668107,0.11040611467118674471,0.26244438621239496445,5.5586720255716723926,0.90368501714064464192,2.8645144786243039725,0.20585468694068284612,840,840,-0.005261910613626241684,0,0
6.5662754751156005603e-05,2.830274361513270609,0.11053940174099755045,0.26302149796703699902,5.5591748340931559369,0.90381822708508796627,2.8645145481190352754,0.20608456234750982539,841,841,-0.0052491081878542900085,0,0
6.6243887852428630716e-05,2.8284183581711568323,0.11067425732891343626,0.26360152927418323276,5.5596834799046721542,0.90395296710304251508,2.8645145011951727021,0.20631710356436760989,842,842,-0.0052363052964210510254,0,0
6.6831826322522503055e-05,2.8265440129197658692,0.11081069546836128104,0.26418448236026581544,5.5601983636335869932,0.90408932609957415316,2.8645145719101265946,0.20655232040306714669,843,843,-0.00522350287064909935,0,0
6.7426648169738816587e-05,2.8246509835037589831,0.11094873843483966935,0.26477035939191351233,5.5607192263375928576,0.90422725097365419522,2.8645145247704446589,0.2067902624761304986,844,844,-0.0052106999792158603668,0,0
6.802843225346828207e-05,2.8227393279913526314,0.11108840061334065985,0.26535916247578755778,5.5612464741521900891,0.9043668319477656814,2.8645145967506340234,0.20703093993972535025,845,845,-0.0051978970877826213837,0,0
6.8637258292884720853e-05,2.8208087016082905585,0.11122970472503736217,0.2659508936594463524,5.5617798459449421244,0.90450801538387781697,2.8645145493923269697,0.20727440325925583497,846,846,-0.0051850946620106697083,0,0
6.9253206874625878329e-05,2.8188591642501661383,0.11137266551269012216,0.26654555493116138809,5.5623197535204793596,0.90465089286093947063,2.8645146226845903392,0.2075206629356263488,847,847,-0.0051722917705774307251,0,0
6.9876359461591182462e-05,2.8168903686517090534,0.11151730615172857075,0.26714314822076806744,5.5628659334671795023,0.90479541017896791821,2.8645145751046574567,0.20776977030344220831,848,848,-0.0051594893448054790497,0,0
7.0506798400703465826e-05,2.8149023766959708759,0.11166364174890877625,0.26774367539946003491,5.5634188034254972166,0.90494166031380152138,2.8645146497576123856,0.2080217362083116861,849,849,-0.0051466864533722400665,0,0
7.1144606931807405858e-05,2.812894838656657015,0.11181169594258640043,0.26834713828062450869,5.5639780976114812105,0.90508958847727449815,2.8645146019528548997,0.20827661287054910488,850,850,-0.0051338835619390010834,0,0
7.1789869195509255239e-05,2.8108678185714626174,0.11196148420973724147,0.26895353861961318609,5.5645442396734869916,0.90523928908393080928,2.8645146780169667977,0.20853441147996965022,851,851,-0.005121081136167049408,0,0
7.2442670242172426667e-05,2.8088209642852599579,0.11211303066039032816,0.26956287811455964532,5.5651169613578801432,0.90539070672986798893,2.8645146299840336113,0.20879518515927575351,852,852,-0.0051082782447338104248,0,0
7.3103096039830921878e-05,2.8067543421647989099,0.11226635114795621706,0.2701751584061253264,5.5656966924986654988,0.90554393731158921987,2.8645147075118160274,0.20905894544149583592,853,853,-0.0050954758189618587494,0,0
7.3771233483279540161e-05,2.8046675976603721026,0.11242147026295755408,0.27079038107829755955,5.5662831622703636825,0.90569892478045466166,2.8645146592471739666,0.20932574636857997907,854,854,-0.0050826729275286197662,0,0
7.4447170402055463045e-05,2.8025607996495405239,0.11257840424144061053,0.27140854765810767946,5.5668768068761425027,0.90585576655967281479,2.8645147382930686852,0.2095955998152542743,855,855,-0.0050698700360953807831,0,0
7.5130995569620321836e-05,2.8004335912246713924,0.11273717816329111019,0.27202965961640918069,5.5674773528117889043,0.90601440592539783658,2.8645146897928301932,0.20986856075970553026,856,856,-0.0050570676103234291077,0,0
7.5822798711404611823e-05,2.7982860439632806226,0.11289780865338727711,0.27265371836756524537,5.5680852428399649767,0.90617494187392166882,2.8645147704134976685,0.21014464141628536042,857,857,-0.0050442647188901901245,0,0
7.6522670514076983881e-05,2.7961177986386460681,0.11306032128988931229,0.27328072527020530469,5.5687002006652450703,0.90633731697408381756,2.8645147216736313034,0.21042389771655040098,858,858,-0.0050314622931182384491,0,0
7.723070263364702941e-05,2.7939289297251987954,0.11322473309265981833,0.27391068162688048115,5.5693226758059273251,0.90650163184322696264,2.8645148039278489627,0.21070634221180167822,859,859,-0.0050186594016849994659,0,0
7.7946987704816293675e-05,2.7917190757179342064,0.11339107014710349264,0.27454358868479644684,5.569952389058119735,0.90666782830915748637,2.8645147549439737844,0.21099203180423947712,860,860,-0.0050058565102517604828,0,0
7.867161934913432218e-05,2.7894883141931599013,0.11355934987417196091,0.27517944763543522591,5.5705897968987052593,0.90683600865995683815,2.8645148388928522998,0.21128097937877463042,861,861,-0.0049930540844798088074,0,0
7.9404692184426503283e-05,2.787236281410601979,0.11372959887550269931,0.27581825961526273971,5.5712346170920170607,0.90700611394688013256,2.8645147896602831672,0.21157324282563516604,862,862,-0.0049802511930465698242,0,0
8.0146301832995691717e-05,2.7849630582614337548,0.11390183497918916766,0.2764600257053143606,5.5718873132832351658,0.90717824818020542654,2.8645148753672309283,0.21186883535931974598,863,863,-0.0049674487672746181488,0,0
8.0896544931122204864e-05,2.7826682788151311243,0.11407608531211635428,0.27710474693187575612,5.5725476000760583162,0.90735235159730531773,2.8645148258809385311,0.21216781587557026478,864,864,-0.0049546458758413791656,0,0
8.1655519137305019651e-05,2.7803520274991031513,0.1142523681154931775,0.27775242426603125034,5.5732159485006027566,0.90752852998393396255,2.8645149134118352841,0.21247019791369650688,865,865,-0.0049418429844081401825,0,0
8.2423323141826536353e-05,2.7780139362394691283,0.11443071105047816771,0.27840305862431558026,5.5738920698646907681,0.9077067227242738845,2.8645148636663315678,0.21277604139254260862,866,866,-0.0049290405586361885071,0,0
8.320005667502594919e-05,2.7756540932297530944,0.11461113277728823823,0.27905665086822251109,5.5745764428076380881,0.90788703743479970409,2.8645149530895919199,0.21308536017065315971,867,867,-0.0049162376672029495239,0,0
8.3985820516923126249e-05,2.7732721283015742131,0.11479366150036846017,0.27971320180482706075,5.5752687751995422261,0.90806941260511786496,2.8645149030789731626,0.2133982152076245864,868,868,-0.0049034352414309978485,0,0
8.4780716505514816094e-05,2.7708681336530762707,0.11497831630473823172,0.28037271218625181568,5.5759695535206859063,0.90825395773966632884,2.8645149944656500551,0.21371462067481758473,869,869,-0.0048906323499977588654,0,0
8.5584847546451721357e-05,2.7684417370720821872,0.11516512594711771078,0.28103518271025862418,5.5766784820546542178,0.90844061038990608914,2.8645149441834965032,0.21403463859028065697,870,870,-0.0048778294585645198822,0,0
8.6398317621348149449e-05,2.7659930350087860162,0.11535410994300494825,0.28170061401967005921,5.577396055362559224,0.90862948200759852124,2.8645150376074157705,0.21435828343085305825,871,871,-0.0048650270327925682068,0,0
8.7221231797504080547e-05,2.7635216532595090477,0.11554529761035051139,0.28236900670292908178,5.578121973985330051,0.90882050916016399178,2.8645149870467845332,0.21468561829078150471,872,872,-0.0048522241413593292236,0,0
8.8053696236219873399e-05,2.7610276927830037508,0.11573870890067079753,0.28304036129347454054,5.5788567408129452474,0.90901380530823394643,2.8645150825846066311,0.21501665794407373578,873,873,-0.0048394217155873775482,0,0
8.8895818202553705399e-05,2.7585107774380142054,0.11593437370204376369,0.28371467827026614072,5.5796000524798730069,0.9092093059868615601,2.8645150317379450833,0.21535146657892889621,874,874,-0.0048266188241541385651,0,0
8.9747706073632266851e-05,2.7559710129575578641,0.11613231240739510519,0.2843919580571131478,5.5803524204616818949,0.90940712672939894023,2.8645151294693191879,0.21569005925718093275,875,875,-0.0048138159327208995819,0,0
9.0609469348434127029e-05,2.7534080213181142405,0.1163325554837502801,0.28507220102316283006,5.5811135373142111149,0.90960720198758304722,2.8645150783283432894,0.21603250127873377395,876,876,-0.0048010135069489479065,0,0
9.1481218656084775263e-05,2.7508219133023366076,0.11653512377064829952,0.28575540748217975739,5.5818839233642183473,0.90980964943375319809,2.8645151783358921982,0.21637880798277653316,877,877,-0.0047882106155157089233,0,0
9.2363065765657212272e-05,2.7482123090608978622,0.11674004832279995247,0.28644157769299721794,5.582663266908691746,0.9100144023826878259,2.864515126891621577,0.21672904579864432639,878,878,-0.0047754081897437572479,0,0
9.3255123594438381861e-05,2.7455793247108948307,0.11694735043137587105,0.28713071185874450286,5.5834520974003094551,0.91022158071446557237,2.8645152292612232614,0.21708323033125540014,879,879,-0.0047626052983105182648,0,0
9.4157506217737758241e-05,2.7429225786349928917,0.11715706174736931211,0.28782281012726074199,5.5842500986873711,0.91043111655032504803,2.8645151775037862585,0.21744142915702599494,880,880,-0.0047498028725385665894,0,0
9.5070328877111764899e-05,2.7402421925793918334,0.11736920401838560335,0.28851787259026717702,5.585057809633370951,0.9106431320495115278,2.8645152823246182727,0.21780365813370874961,881,881,-0.0047369999811053276062,0,0
9.599370799016848589e-05,2.7375377832172840264,0.11758380950016622535,0.28921589928374258349,5.5858749094385551359,0.91085755808008472822,2.864515230243287025,0.21816998600238687867,882,882,-0.004724197089672088623,0,0
9.6927761158737806837e-05,2.7348094782287155624,0.11780090040130168638,0.28991689018703881153,5.5867019466719520793,0.91107451915461112879,2.8645153376079774965,0.21854042885940755392,883,883,-0.0047113946639001369476,0,0
9.7872607178658724779e-05,2.7320568926366681772,0.11802050959057680535,0.29062084522321529612,5.5875385956764160866,0.91129394482510062137,2.8645152851910751224,0.21891505662798693699,884,884,-0.0046985917724668979645,0,0
9.8828366047881834955e-05,2.72928016036997656,0.11824265974184353101,0.29132776425809764342,5.5883854150314515863,0.91151596203445373057,2.8645153951957911254,0.21929388562740537161,885,885,-0.0046857893466949462891,0,0
9.9795158976225808653e-05,2.7264788948610791941,0.11846738434502983306,0.29203764710056889786,5.5892420740025494652,0.91174049895232789353,2.864515342430455469,0.21967698698033705229,886,886,-0.0046729864552617073059,0,0
0.00010077310839339588143,2.7236532366129551086,0.11869470654322927805,0.29275049350156845396,5.5901091414959260817,0.91196768503203540224,2.8645154551750842131,0.22006437721180943656,887,887,-0.0046601835638284683228,0,0
0.00010176233795869678669,2.720802797527314798,0.11892466045538546693,0.29346630315434013569,5.5909862814683535248,0.91219744699092641937,2.8645154020473233558,0.2204561286611091131,888,888,-0.0046473811380565166473,0,0
0.00010276297256894935601,2.7179277250172604319,0.11915726969747424124,0.29418507569336854734,5.5918740734799330383,0.91242991687592966965,2.8645155176355556748,0.22085225804021169083,889,889,-0.0046345782466232776642,0,0
0.00010377513836814624749,2.7150276295135329363,0.1193925690250667998,0.29490681069458341002,5.5927721759357611475,0.91266501987831538667,2.8645154641300614173,0.22125283892194794189,890,890,-0.0046217758208513259888,0,0
0.00010479896275524819965,2.7121026656860083293,0.1196305825303032172,0.29563150767423068688,5.5936811793886711541,0.91290289072513863822,2.8645155826695298806,0.22165788818474208011,891,891,-0.0046089729294180870056,0,0
0.00010583457439376606115,2.7091524425538948684,0.11987134561269496835,0.29635916608903167813,5.5946007364367433823,0.91314345300377042225,2.8645155287695809321,0.22206748065163939287,892,892,-0.0045961700379848480225,0,0
0.00010688210321941870045,2.7061771224013893011,0.12011488284343078969,0.29708978533498764385,5.5955314489766276864,0.9133868442113594055,2.8645156503720938801,0.22248163334519616141,893,893,-0.004583367612212896347,0,0
0.00010794168044962375926,2.703176312894870037,0.12036123027293774146,0.29782336474749210309,5.5964729635305960898,0.9136329862492290621,2.8645155960593902122,0.2229004223550546393,894,894,-0.0045705647207796573639,0,0
0.00010901343859099716033,2.7001501843015773829,0.12061041295389787753,0.29855990360006678941,5.5974258937028977812,0.91388201947823544113,2.8645157208409717242,0.22332386482364932623,895,895,-0.0045577622950077056885,0,0
0.00011009751144873432933,2.6970983429926800312,0.12086246759425854636,0.29929940110442576628,5.5983898796576259116,0.91413386402698382227,2.8645156660955466421,0.22375203812326199815,896,896,-0.0045449594035744667053,0,0
0.00011119403413392994187,2.6940209675983699533,0.12111741973016837415,0.30004185640914105004,5.599365547083359651,0.91438866321743927923,2.8645157941766634657,0.22418495948992103739,897,897,-0.0045321565121412277222,0,0
0.00011230314307282942068,2.6909176632508877702,0.12137530673327158459,0.30078726859965682072,5.600352529488948683,0.91464633531400063582,2.8645157389767068601,0.22462270759419311617,898,898,-0.0045193540863692760468,0,0
0.00011342497601394742758,2.687788617334715191,0.12163615462464182071,0.30153563669688326909,5.6013514650378688486,0.91490702670114565365,2.8645158704824620344,0.22506529973724576088,899,899,-0.0045065511949360370636,0,0
0.00011455967203716835832,2.6846334337975950035,0.12190000144532471549,0.30228695965715923766,5.6023619802708743975,0.91517065368244499002,2.8645158148040965607,0.22551281590314714576,900,900,-0.0044937487691640853882,0,0
0.00011570737156063837193,2.6814523091813393663,0.12216687370221596121,0.30304123637077179376,5.6033847262313711823,0.91543736581052814749,2.8645159498643533169,0.22596527342744160416,901,901,-0.004480945877730846405,0,0
0.00011686821634969435119,2.678244846301288451,0.12243681011094997846,0.30379846566186724521,5.6044193221628848534,0.91570707732610423513,2.8645158936815366957,0.22642275362243130532,902,902,-0.0044681429862976074219,0,0
0.00011804234952350213376,2.6750112512712966861,0.12270983766453899544,0.30455864628689283125,5.6054664324082983384,0.91597994105997238012,2.8645160324310201538,0.22688527382486320394,903,903,-0.0044553405605256557465,0,0
0.00011922991556379236274,2.671751125823786488,0.12298599575781495041,0.30532177693445650135,5.6065256685678983573,0.91625586908226697158,2.864515975715327567,0.22735291668944110355,904,904,-0.0044425376690924167633,0,0
0.00012043106032121637797,2.6684646860713008287,0.12326531186954678421,0.3060878562236877265,5.6075977087190578274,0.91653501761660627345,2.8645161182939835598,0.22782569951836886823,905,905,-0.0044297352433204650879,0,0
0.00012164593102386380319,2.6651515327096375607,0.12354782607772697711,0.3068568827040442093,5.6086821564540736418,0.91681729644871512441,2.8645160610143731716,0.2283037063223171681,906,906,-0.0044169323518872261047,0,0
0.00012287467628330832835,2.6618118922888633904,0.12383356634581130229,0.30762885485359109383,5.6097797040359562715,0.91710286531457263504,2.8645162075673966662,0.22878695433047169239,907,907,-0.0044041294604539871216,0,0
0.00012411744610287900673,2.6584453645105514674,0.12412257343823163147,0.30840377107875244223,5.610889946665393424,0.91739163159526304625,2.8645161496900177767,0.2292755289223806503,908,908,-0.0043913270346820354462,0,0
0.00012537439188336702077,2.6550521868134229209,0.12441487580129624579,0.30918162971250723325,5.612013591258778078,0.9176837586637784927,2.864516300368158408,0.22976944721286082784,909,909,-0.004378524143248796463,0,0
0.00012664566643102212039,2.6516319579429969977,0.12471051488837839316,0.30996242901408405102,5.6131502242209734277,0.91797915136949415071,2.8645162418560818907,0.23026879596250796056,910,910,-0.0043657217174768447876,0,0
0.00012793142396288668082,2.6481849266902015572,0.12500951962598835787,0.31074616716707159636,5.6143005676069943632,0.91827797685246825843,2.8645163968157669743,0.23077359212738376981,911,911,-0.0043529188260436058044,0,0
0.00012923182011448958065,2.644710690877812187,0.12531193215810179642,0.31153284227905636561,5.6154641986003488441,0.91858013729609733211,2.8645163376287769985,0.23128392386049001495,912,912,-0.0043401159346103668213,0,0
0.00013054701194477119023,2.6412095111250835089,0.12561778188790043154,0.31232245237964378903,5.6166418548977414815,0.91888580374320749655,2.8645164970323384601,0.23179980791155191389,913,913,-0.0043273135088384151459,0,0
0.00013187715794344564654,2.6376809843598971739,0.12592711165070041845,0.3131149954200397878,5.6178331040132398755,0.91919487556930012939,2.8645164371266020886,0.2323213338364442937,914,914,-0.0043145106174051761627,0,0
0.0001332224180354790689,2.634125383518691077,0.12623995132188445267,0.31391046927097920882,5.6190386998070920299,0.91950752786165124153,2.8645166011424869623,0.23284851812760123946,915,915,-0.0043017081916332244873,0,0
0.00013458295358808656616,2.6305423046561475786,0.1265563444278459404,0.31470887172224976114,5.6202581996520857288,0.91982365703786661548,2.8645165404703436529,0.23338145175327401626,916,916,-0.0042889053001999855042,0,0
0.00013595892741472684405,2.6269320335277406286,0.12687632131067499985,0.31551020048052669242,5.6214923741130577994,0.92014344237758238787,2.8645167092733356817,0.23392015089407897088,917,917,-0.0042761028744280338287,0,0
0.00013735050378169822013,2.6232941653297685569,0.12719992618649095251,0.31631445316883721741,5.6227407699245226524,0.92046677718194214179,2.8645166477828647444,0.23446470793910845209,918,918,-0.0042632999829947948456,0,0
0.00013875784841160926342,2.6196289991516246154,0.12752718985752514724,0.31712162732429960421,5.6240041749174762842,0.92079384507749828526,2.8645168215543259649,0.23501513869888757124,919,919,-0.0042504970915615558624,0,0
0.00014018112848953643928,2.6159361293384884029,0.12785815722707788433,0.31793172039752654046,5.6252821246644097997,0.92112453608124666982,2.864516759189053019,0.23557153699067745478,920,920,-0.004237694665789604187,0,0
0.00014162051266592950017,2.612215868841909483,0.12819285954979459108,0.31874472975026713062,5.6265754248452068964,0.92145903832819309187,2.8645169381171946554,0.2361339181926733477,921,921,-0.0042248917743563652039,0,0
0.00014307617106229143116,2.6084678111547536794,0.12853134241232772039,0.31956065265474842274,5.6278835993183893294,0.92179723837383975571,2.86451687481571593,0.23670237755642373201,922,922,-0.0042120893485844135284,0,0
0.00014454827527347202535,2.6046922836324211126,0.12887363751277780555,0.32037948629121654198,5.6292074722174323398,0.9221393290305507362,2.8645170590957986789,0.23727692996139751469,923,923,-0.0041992864571511745453,0,0
0.00014603699837283185751,2.6008888789051631818,0.12921979111591755385,0.32120122774721693304,5.6305465551053544004,0.92248519320476773942,2.8645169947914110864,0.2378576720982171766,924,924,-0.0041864835657179355621,0,0
0.00014754251491387522814,2.597057939287523709,0.12956983535303040478,0.32202587401503190989,5.6319016911966377492,0.92283502856286137028,2.8645171846259933623,0.23844461827686089239,925,925,-0.0041736811399459838867,0,0
0.00014906500093485601684,2.5931990565267910576,0.12992381716026707439,0.32285342199089894777,5.6332723791460530549,0.92318871416382153328,2.8645171192462441923,0.23903786663039333638,926,926,-0.0041608782485127449036,0,0
0.00015060463395969892896,2.5893125884657601787,0.13028176909042385456,0.32368386847234176251,5.634659481900285094,0.92354645271285895625,2.8645173148454645684,0.23963743082394195483,927,927,-0.0041480758227407932281,0,0
0.00015216159300200437577,2.5853981259375196089,0.13064373874264745279,0.32451721015732709619,5.6360624845600240107,0.9239081192116301855,2.8645172483117127271,0.24024341043485164526,928,928,-0.004135272931307554245,0,0
0.00015373605856520438273,2.5814560428961454974,0.13100975907809769838,0.3253534436414860509,5.6374822704800022777,0.92427392159765986435,2.8645174498935310758,0.2408558184032285332,929,929,-0.0041224700398743152618,0,0
0.00015532821264591884576,2.5774859292174272518,0.13137987834876940774,0.32619256541720842435,5.6389183105262734585,0.92464373059322102488,2.8645173821204430453,0.24147475575089741295,930,930,-0.0041096676141023635864,0,0
0.00015693823873329251447,2.5734881755640315326,0.13175412990945681302,0.32703457187075324342,5.6403715091632591339,0.92501775957076926016,2.8645175899110197903,0.24210023460770102588,931,931,-0.0040968647226691246033,0,0
0.00015856632181165191092,2.5694623707984725058,0.13213256265294448522,0.32787945928127915085,5.6418413223046535165,0.9253958747381930694,2.8645175208060540406,0.24273235743840196332,932,932,-0.0040840622968971729279,0,0
0.00016021264835896738884,2.5654089229036829423,0.1325152103112659796,0.32872722381784252876,5.6433286762530112668,0.92577829511514397876,2.8645177350398891569,0.2433711354720393405,933,933,-0.0040712594054639339447,0,0
0.0001618774063487584292,2.5613274196590145593,0.13290212240389270848,0.32957786153836310383,5.6448330112135707282,0.92616488214648728938,2.864517664502778338,0.24401667261290091449,934,934,-0.0040584565140306949615,0,0
0.00016356078524761903008,2.5572182869939403815,0.13329333302193421829,0.33043136838650694065,5.6463552760829802679,0.92655586072150775134,2.8645178854231216903,0.24466897909313856108,935,935,-0.0040456540882587432861,0,0
0.00016526297601632001502,2.553081111519825086,0.13368889229523203688,0.33128774019058848666,5.6478948945609781518,0.92695108725888997192,2.8645178133452620095,0.24532816025115433689,936,936,-0.004032851196825504303,0,0
0.00016698417110633164426,2.5489163377537416011,0.13408883465394691448,0.33214697266033393896,5.6494528389231906118,0.92735079275077469951,2.8645180412043873552,0.2459942252203308477,937,937,-0.0040200487710535526276,0,0
0.00016872456446007010815,2.5447235510381949197,0.13449321081959636492,0.33300906138572211601,5.6510285155238024757,0.92775482831114286508,2.864517967468239501,0.24666728076564398142,938,938,-0.0040072458796203136444,0,0
0.00017048435150634932609,2.5405032151339974611,0.13490205553939385585,0.33387400183362481165,5.6526229208319911379,0.92816343127958789161,2.8645182025277322602,0.24734733481376425246,939,939,-0.0039944429881870746613,0,0
0.00017226372915971229199,2.5362549139966183986,0.1353154201052934047,0.33474178934658549434,5.6542354429710455221,0.92857644717058840378,2.8645181270060628975,0.24803449554644999009,940,940,-0.0039816405624151229858,0,0
0.00017406289581474489463,2.5319791313019246459,0.13573333955750324642,0.33561241913933625991,5.6558671034497898233,0.92899411992787206405,2.864518369537215392,0.24872876956939746207,941,941,-0.0039688376709818840027,0,0
0.00017588205134443064088,2.5276754494818352015,0.1361558657344223433,0.33648588629751380319,5.657517271227185951,0.92941628915432761282,2.8645182920924843195,0.24943026646894561615,942,942,-0.0039560352452099323273,0,0
0.00017772139709325456068,2.523344372814019021,0.13658303394302076517,0.3373621857740510821,5.6591869937298593385,0.92984320566723077661,2.8645185423765289201,0.25013899140898010476,943,943,-0.0039432323537766933441,0,0
0.00017958113587451728587,2.5189854820505619415,0.13701489654122608886,0.33824131238783045061,5.660875619769104361,0.93027470282754987085,2.8645184628600754984,0.25085505536567709317,944,944,-0.003930429462343454361,0,0
0.00018146147196215585613,2.5145993027734521164,0.13745148907425408513,0.33912326081994875748,5.6625842236012218223,0.93071103860904647043,2.8645187211887228607,0.25157846193341182328,945,945,-0.0039176270365715026855,0,0
0.00018336261108695123398,2.5101854138776662495,0.13789286438948775149,0.34000802561230836218,5.6643121328528795999,0.93115203978098959325,2.8645186394399537733,0.25230932346076823114,946,946,-0.0039048243779689073563,0,0
0.00018528476042698599751,2.5057443629679219121,0.13833905823949305125,0.34089560116375278165,5.6660604495569666383,0.93159797177089243014,2.8645189061155535981,0.25304764183779832054,947,947,-0.0038920214865356683731,0,0
0.00018722812860268094417,2.5012757268824317158,0.1387901239276749521,0.34178598172859786519,5.6678284790631217049,0.93204865438605066785,2.8645188219610804303,0.25379353076521327104,948,948,-0.0038792188279330730438,0,0
0.00018919292566580540069,2.4967800759833456148,0.13924609738055196417,0.34267916141263438101,5.6696173521638275616,0.93250436082014132033,2.8645190972971041887,0.25454699028653166026,949,949,-0.0038664161693304777145,0,0
0.00019117936309327621005,2.4922569848284772398,0.13970703232053427456,0.34357513417160273628,5.6714263507805595665,0.93296490352645256028,2.8645190105498263833,0.25530813543133779042,950,950,-0.0038536135107278823853,0,0
0.00019318765377463527778,2.4877070472887403696,0.14017296481208557646,0.3444738938070600609,5.6732566354860551883,0.93343056379332334238,2.8645192948712603354,0.25607696424673226376,951,951,-0.003840810852125287056,0,0
0.00019521801200453773131,2.4831298353927451217,0.14064394895575238476,0.34537543396479869484,5.6751074635606553187,0.93390114630494613923,2.8645192053294423751,0.25685359306474347951,952,952,-0.0038280079606920480728,0,0
0.00019727065346861186374,2.4785259672880770587,0.14112002091525027714,0.34627974813057782466,5.6769800264172376458,0.93437694078987354462,2.8645194989732321034,0.2576380177782787162,953,953,-0.0038152053020894527435,0,0
0.00019934579523456092396,2.4738950121984375485,0.14160123512429867443,0.34718682962848712581,5.6788735554168221498,0.93485774372367669294,2.8645194064193648664,0.25843035599208019626,954,954,-0.0038024026434868574142,0,0
0.00020144365573631739345,2.4692376133333611143,0.14208762780434452955,0.34809667161654173073,5.6807892739129464132,0.9353438536387799207,2.8645197097347177007,0.25923060127887015414,955,955,-0.003789599984884262085,0,0
0.00020356445476368188957,2.4645533368074770131,0.1425792536729548754,0.3490092670849933576,5.682726386001133001,0.93583505833677016472,2.8645196139344943909,0.26003887248288931611,956,956,-0.0037767973262816667557,0,0
0.00020570841344467726019,2.4598428516947072886,0.14307614896490467027,0.3499246088517867781,5.6846861481182200393,0.93633166553679070265,2.8645199272833972159,0.26085516068229758213,957,957,-0.0037639946676790714264,0,0
0.00020787575423364987141,2.4551057206664577137,0.14357836862762893282,0.35084268956082215185,5.6866677356763828399,0.93683345387372274349,2.8645198279846026956,0.26167958592396139972,958,958,-0.0037511917762458324432,0,0
0.00021006670089172651108,2.4503426394813336842,0.14408594886181572137,0.35176350167727143958,5.6886724393818957068,0.93734074065662253972,2.8645201517423020121,0.26251213660842226405,959,959,-0.003738389117643237114,0,0
0.00021228147847330026943,2.4455531670014969414,0.14459894478584800481,0.35268703748579555146,5.6906994044703944624,0.9378532948319491247,2.8645200486734743173,0.26335293394449793558,960,960,-0.0037255864590406417847,0,0
0.00021452031330448990856,2.4407380265085740767,0.14511739251583563592,0.35361328908571931784,5.692749957149152884,0.93837144372351766197,2.8645203832288008705,0.26420196346317770253,961,961,-0.0037127838004380464554,0,0
0.00021678343296793338478,2.4358967726559237477,0.14564134727694380556,0.354542248389208281,5.6948232109057395078,0.93889494603704681808,2.8645202760980787993,0.26505934749056286881,962,962,-0.0036999811418354511261,0,0
0.0002190710662791473624,2.4310301571048831271,0.14617084504704938586,0.35547390711630105775,5.6969205287264390591,0.93942413955885994969,2.8645206218540559817,0.26592506848708635792,963,963,-0.0036871782504022121429,0,0
0.00022138344326954616822,2.426137729865183168,0.14670594108834728031,0.35640825679304993789,5.6990409906965027176,0.93995877216918066743,2.8645205103477104913,0.26679924984729769255,964,964,-0.0036743755917996168137,0,0
0.00022372079516060094408,2.4212202718531985468,0.14724667118361467466,0.35734528874641113827,5.7011859979080883321,0.94049919258899761232,2.8645208677220006521,0.26768187075081745219,965,965,-0.0036615729331970214844,0,0
0.00022608335434500084803,2.416277327962971011,0.14779309055641065562,0.35828499410235359335,5.7033545953033648601,0.94104513725399330237,2.864520751503011553,0.26857305560748673257,966,966,-0.0036487702745944261551,0,0
0.00022847135435850754546,2.4113097092602582272,0.14834523473427718709,0.35922736378060793339,5.7055482234576819778,0.94159696631789413512,2.8645211209284755505,0.26947278009644975993,967,967,-0.0036359676159918308258,0,0
0.00023088502985917544442,2.4063169550122394114,0.14890315882019902749,0.36017238849274818557,5.707765890338831305,0.94215440411652251473,2.8645209996350744497,0.27038116958517771637,968,968,-0.0036231647245585918427,0,0
0.00023332461659679733343,2.4012999073477954148,0.14946689802303400607,0.36112005873680119716,5.7100090774344272049,0.94271782276191440353,2.8645213815602121876,0.27129819602315341509,969,969,-0.0036103620659559965134,0,0
0.00023579035139010016747,2.3962580993548217023,0.15003650723664063715,0.36207036479530729789,5.7122767538125769349,0.94328693379644168449,2.8645212548042526812,0.27222398567316147266,970,970,-0.0035975594073534011841,0,0
0.0002382824720936727004,2.3911924051588187012,0.1506120212844135331,0.36302329672979011255,5.7145704433560391422,0.94386212184526430136,2.8645216496938736839,0.27315850651622269885,971,971,-0.0035847567487508058548,0,0
0.000240801217573058244,2.3861023510727954466,0.15119349475551860373,0.36397884437880473341,5.7168890742090727741,0.94444308492320461212,2.8645215170591904474,0.27410188564328979988,972,972,-0.0035719540901482105255,0,0
0.0002433468276690517549,2.3809888441723838781,0.15178096201779428531,0.36493699735226842185,5.7192342141881615802,0.9450302207544651889,2.8645219253949503191,0.27505408681848625418,973,973,-0.0035591511987149715424,0,0
0.0002459195431706131846,2.3758514033548325806,0.15237447725274064214,0.36589774502950522805,5.7216047483866665502,0.94562321304944607636,2.8645217864355747572,0.2760152378887859026,974,974,-0.0035463485401123762131,0,0
0.00024851960577642294437,2.3706909696196500903,0.15297407429927839528,0.36686107655343930256,5.724002290151201322,0.94622247325039987587,2.8645222087166199998,0.27698529814337058408,975,975,-0.0035335458815097808838,0,0
0.00025114725806553466663,2.365507053760017353,0.15357980682045449528,0.36782698082864384581,5.7264256792898073911,0.94682766994126243976,2.8645220629550047775,0.27796439610793655106,976,976,-0.0035207432229071855545,0,0
0.0002538027434560832297,2.3603006316938182074,0.15419170804967444188,0.3687954465154010264,5.7288765763348399318,0.94743922893646947969,2.8645224996985145793,0.27895248632911417985,977,977,-0.0035079405643045902252,0,0
0.00025648630617359726878,2.3550712053721079009,0.15480983101252804301,0.36976646202776386474,5.7313537734632626908,0.94805680282382442936,2.8645223466235303356,0.27994969792872853587,978,978,-0.0034951379057019948959,0,0
0.00025919819120675451161,2.3498197866465662109,0.15543420825718562428,0.37074001552748753197,5.7338589801102619603,0.94868083248146384268,2.8645227983653631654,0.2809559804338379041,979,979,-0.0034823350142687559128,0,0
0.00026193864427327754859,2.3445458678359845095,0.15606489204413898086,0.37171609492211399317,5.7363909383605973247,0.94931095358117745242,2.8645226374304941785,0.28197146347436230496,980,980,-0.0034695323556661605835,0,0
0.00026470791177262819466,2.3392504977625518947,0.15670191415359316367,0.37269468785877790662,5.7389514083319017601,0.94994762279599920252,2.8645231047259458457,0.28299609127157143718,981,981,-0.0034567296970635652542,0,0
0.00026750624074941989437,2.33393315826851655,0.15734532594418906837,0.37367578172232751577,5.7415390794353253767,0.95059045790883223148,2.8645229353470456068,0.2840299938698332971,982,982,-0.0034439270384609699249,0,0
0.00027033387884294117183,2.3285949362045630373,0.15799515834264599157,0.374659363629008757,5.7441557643162211022,0.95123993216109892224,2.8645234187714918583,0.28507310988953027397,983,983,-0.0034311243798583745956,0,0
0.00027319107424802341333,2.3232353020353913031,0.15865146165946439338,0.37564542042463611171,5.7468000970064556654,0.95189564441814145113,2.8645232403247571362,0.28612556969011782027,984,984,-0.0034183214884251356125,0,0
0.00027607807566128899669,2.3178553817198581655,0.15931426587976274534,0.37663393867816025162,5.7494739445910827413,0.95255808530815733182,2.8645237404744197107,0.28718730598748676286,985,985,-0.0034055188298225402832,0,0
0.00027899513223941156768,2.3124546333850113378,0.15998362010961034163,0.37762490467990217358,5.7521758828886238035,0.95322683369149296961,2.8645235522941532302,0.28825844935096822663,986,986,-0.0033927161712199449539,0,0
0.00028194249354199365587,2.3070342231994636073,0.16065955330209433227,0.37861830443501232057,5.7549078354044294059,0.95390239844925173163,2.8645240697868277202,0.28933892628034013628,987,987,-0.0033799135126173496246,0,0
0.00028492040948716366262,2.3015935959308677639,0.16134211319210242652,0.37961412366178254318,5.7576683167772531036,0.95458433728751179714,2.8645238711630964801,0.29042886744364138085,988,988,-0.0033671108540147542953,0,0
0.00028792913029098874626,2.2961339590809362043,0.16203132760832342218,0.38061234778500402376,5.7604593089843163511,0.95527317825721136391,2.8645244066389863313,0.291528192805548092,989,989,-0.0033543079625815153122,0,0
0.0002909689064203623346,2.2906547429722743381,0.16272724273675245876,0.38161296193437399538,5.7632792623815651822,0.95596845669582752869,2.864524196815336321,0.29263703301554117031,990,990,-0.0033415053039789199829,0,0
0.00029403998852886386282,2.2851571975849869212,0.16342988518777376572,0.38261595093776146204,5.7661302195420240935,0.95667072079502302184,2.864524750937865516,0.29375530117757259196,991,991,-0.0033287026453763246536,0,0
0.00029714262740689664083,2.2796407376443390547,0.16413929940936433649,0.38362129931972505092,5.7690105632958568194,0.95737948224099023165,2.8645245291088650141,0.29488312779912756456,992,992,-0.0033158999867737293243,0,0
0.00030027707391391670645,2.2741066567761252237,0.16485551069864451401,0.38462899129469829695,5.7719223990099841615,0.95809531039435880118,2.8645251025655213972,0.29602041879205143182,993,993,-0.0033030973281711339951,0,0
0.00030344357892579063582,2.2685543528868015173,0.16557856156455216801,0.38563901076563683601,5.7748640386025700266,0.95881769193557675468,2.8645248678743184811,0.29716730439212574177,994,994,-0.0032902946695685386658,0,0
0.00030664239326331810568,2.2629851644369396446,0.16630847589552405497,0.38665134131713335686,5.7778376525083805504,0.95954721848342583446,2.8645254613776121033,0.29832368298301820131,995,995,-0.0032774917781352996826,0,0
0.00030987376763679631104,2.2573984712211223602,0.16704529404803875048,0.38766596621421639535,5.7808414782006645183,0.96028335028279565577,2.8645252129133940144,0.29948968439272327657,996,996,-0.0032646891195327043533,0,0
0.00031313795257076749816,2.251795657745482071,0.16778903840663389468,0.38868286839540550082,5.7838777535335399449,0.9610267023645453488,2.8645258272017599666,0.30066519913716799328,997,997,-0.003251886460930109024,0,0
0.00031643519834579058583,2.2461760843252820408,0.16853974694905565768,0.3897020304716853345,5.7869446378534821207,0.96177670702920303736,2.8645255639972058148,0.30185035649404756697,998,998,-0.0032390838023275136948,0,0
0.00031976575491935739894,2.2405411827443710848,0.16929744046171102401,0.39072343471951392901,5.7900444388642640092,0.96253400394237043081,2.8645261998359603517,0.30304503876991917277,999,999,-0.0032262811437249183655,0,0
0.0003231298718648786491,2.2348902923946569743,0.17006215430397422783,0.39174706307999429544,5.7931752339526809692,0.96329799586867914662,2.86452592086475466,0.30424937454309053386,1000,1000,-0.0032134782522916793823,0,0
0.00032652779828873249382,2.229224893590729728,0.17083390757176852848,0.3927728971518527068,5.7963394031823360919,0.96406934840405722476,2.8645265790471641232,0.30546323756868715149,1001,1001,-0.003200675593689084053,0,0
0.00032995978276648466315,2.2235443032778192674,0.17161273275262992066,0.39380091819083140603,5.7995349379945828616,0.96484743309908660436,2.8645262832212541326,0.30668675556991931153,1002,1002,-0.0031878729350864887238,0,0
0.00033342607325604673883,2.2178500515748122979,0.17239864716252936705,0.39483110710265412191,5.8027642934047038992,0.96563294285305423248,2.8645269645695972116,0.30791979340977232438,1003,1003,-0.0031750702764838933945,0,0
0.00033692691703117027147,2.2121414313751510683,0.17319168014940466982,0.39586344444266602371,5.8060253707691833469,0.96642521623375376993,2.8645266507367437292,0.30916247779393296602,1004,1004,-0.0031622676178812980652,0,0
0.00034046256059070008869,2.2064200238954057021,0.17399184716383181426,0.39689791040880351147,5.8093207027287254718,0.96722497489893610734,2.8645273561034287901,0.31041466435599285312,1005,1005,-0.003149464726448059082,0,0
0.00034403324958940767172,2.2006850962880402101,0.17479917413162601725,0.39793448484151100475,5.8126480962617863568,0.96803152257025293359,2.8645270230445860626,0.31167647861484626404,1006,1006,-0.0031366620678454637527,0,0
0.0003476392287433405226,2.1949382821797294163,0.1756136745578414371,0.39897314721673260429,5.8160101643909918323,0.96884561120601742079,2.864527753313250269,0.31294776664321033444,1007,1007,-0.0031238594092428684235,0,0
0.00035128074175807915119,2.1891788212063651997,0.17643537064843475837,0.40001387664613619055,5.8194046152707796793,0.96966650771966778066,2.8645273997400417798,0.31422865259694754414,1008,1008,-0.0031110567506402730942,0,0
0.00035495803123020548643,2.1834084007351908241,0.17726427388957646802,0.40105665187014799544,5.8228341451453404787,0.97049499600432753699,2.8645281558268154143,0.31551897266480327664,1009,1009,-0.0030982540920376777649,0,0
0.0003586713385730830035,2.1776262310213612139,0.17810040245397404379,0.40210145125851382009,5.8262963587479292826,0.97133030410023735168,2.8645277803791544535,0.31681884945624122496,1010,1010,-0.0030854512006044387817,0,0
0.00036242090391449464882,2.1718340545201431091,0.17894376574390977175,0.40314825280340010893,5.8297940384667228386,0.97217324956707806827,2.864528563233894598,0.31812810896420434803,1011,1011,-0.0030726485420018434525,0,0
0.00036620696602006629116,2.1660310501511910175,0.17979437756937055592,0.40419703412032287337,5.8333246808684986462,0.97302301939977209333,2.8645281644775635321,0.31944687206106114896,1012,1012,-0.0030598458833992481232,0,0
0.00037002976218714783187,2.1602190168209105536,0.18065224519389355695,0.40524777244134130294,5.8368911574903128425,0.97388046665944627556,2.8645289750851206101,0.32077495424659635548,1013,1013,-0.0030470432247966527939,0,0
0.0003738895281660277025,2.1543971000661867876,0.1815173777187854276,0.40630044461638720188,5.8404908518433025222,0.97474473501216640781,2.8645285515094953688,0.32211247445781321375,1014,1014,-0.0030342405661940574646,0,0
0.00037778649805014769122,2.1485671566218700335,0.18238978022609508844,0.40735502710657511827,5.8441267276999138147,0.97561671496439461571,2.8645293908910844927,0.32345923742197590922,1015,1015,-0.0030214379075914621353,0,0
0.0003817209041952905244,2.1427282965006897442,0.18326945674559969035,0.40841149598596904191,5.8477960504881467685,0.97649550445408361821,2.8645289409070935349,0.32481535993456145395,1016,1016,-0.0030086350161582231522,0,0
0.00038569297710624290097,2.1368824356557167832,0.18415641014939129749,0.40946982693503491957,5.8515018793820825493,0.97738203349196328684,2.864529810121632547,0.32618063569283073377,1017,1017,-0.0029958323575556278229,0,0
0.00038970294535416481274,2.1310286463386716171,0.18505063901559398731,0.41052999524288086297,5.8552413565680714314,0.9782753517686110234,2.8645293320597273734,0.32755517913627468785,1018,1018,-0.0029830296989530324936,0,0
0.00039375103545985002708,2.1251689051212072634,0.18595214399451839848,0.41159197580088136004,5.8590176398659705725,0.97917643097932038909,2.8645302322052508259,0.32893877270076060659,1019,1019,-0.0029702270403504371643,0,0
0.00039783747180950238898,2.119302244160517823,0.18686091781488747832,0.41265574310542524339,5.8628277429402393395,0.98008426992375607956,2.8645297243138281296,0.33033152824654504753,1020,1020,-0.002957424381747841835,0,0
0.00040196247653477850011,2.1134307020555769263,0.18777695891262730088,0.41372127125174279483,5.8666749255748644742,0.98099988428986095723,2.864530656528928354,0.33173321674744249421,1021,1021,-0.0029446214903146028519,0,0
0.00040612626942723869215,2.1075532684383002646,0.18870025375131230239,0.41478853393720060971,5.8705560675212709043,0.98192221921432920606,2.8645301169727397372,0.3331439472517800926,1022,1022,-0.0029318188317120075226,0,0
0.00041032906781537567802,2.1016720453496939847,0.189630798581917559,0.41585750445536084907,5.8744745339169153198,0.98285233682035699765,2.8645310824380336712,0.3345634791063712421,1023,1023,-0.0029190161731094121933,0,0
0.00041457108647803385263,2.0957859773679134996,0.19056857316879810549,0.41692815569985985924,5.8784270651112873196,0.98378912567690013358,2.8645305092970678729,0.33599191830472158182,1024,1024,-0.002906213514506816864,0,0
0.0004188525375186757764,2.0898972313941337475,0.19151357163245591453,0.41800046015873498773,5.8824171350501766042,0.98473369692631529393,2.8645315092366279153,0.33742901244279654982,1025,1025,-0.0028934108559042215347,0,0
0.00042317363027808736634,2.0840047043266340943,0.19246576658531069914,0.41907438991892204116,5.8864413391103749262,0.985684879528294422,2.8645309005052639328,0.33887486420522611175,1026,1026,-0.0028806079644709825516,0,0
0.00042753457120616952542,2.078110629345390592,0.19342515010017791166,0.42014991666088580269,5.8905032635602951885,0.98664383637653929604,2.8645319361881460551,0.3403292093601972268,1027,1027,-0.0028678053058683872223,0,0
0.00043193556377428310748,2.0722138529457052591,0.19439168716583501983,0.42122701166377224391,5.8945993531689353517,0.98760933363915304195,2.8645312897745802694,0.34179214701707466562,1028,1028,-0.002855002647265791893,0,0
0.00043637680834488108694,2.0663166760023212731,0.19536536792201247836,0.42230564580037793787,5.8987333100942080932,0.98858258884878591477,2.8645323625162739667,0.34326340109246783472,1029,1029,-0.0028421999886631965637,0,0
0.00044085850208388572451,2.0604178917885942468,0.19634614924282872694,0.42338578954299466162,5.9029014228188421143,0.98956230205500150809,2.864531676242560998,0.3447430668403425047,1030,1030,-0.0028293973300606012344,0,0
0.00044538083882851353451,2.0545198702838960436,0.19733401948506396062,0.42446741295875284328,5.9071075130002679288,0.99054974847952959038,2.8645327874064565599,0.34623085636172579171,1031,1031,-0.0028165946714580059052,0,0
0.00044994400900010705652,2.04862134862668821,0.19832892689749773152,0.42555048571619452646,5.9113477071367537263,0.99154355857812714881,2.8645320590088512169,0.34772686075958342267,1032,1032,-0.002803791780024766922,0,0
0.00045454819947054754103,2.0427247673009940598,0.19933085824359597638,0.42663497708102848804,5.9156259500280476971,0.99254506848147461273,2.864533210007562225,0.34923078042222477357,1033,1033,-0.0027909891214221715927,0,0
0.00045919359347598416934,2.0368288043059363801,0.20033975261610853513,0.42772085592346364979,5.91993820049724917,0.99355283542450290035,2.864532437137476073,0.35074270198851603686,1034,1034,-0.0027781864628195762634,0,0
0.00046388037048227854673,2.0309359720164059659,0.20135559541849651355,0.42880809071441583491,5.9242885301489955907,0.99456825984357477566,2.8645336294341174899,0.35226231431128762761,1035,1035,-0.0027653838042169809341,0,0
0.00046860870610009931238,2.0250448861995695715,0.20237831603639050426,0.4298966495336309368,5.9286727244786190383,0.99558982197081402621,2.8645328096596140988,0.35378969923228109629,1036,1036,-0.0027525811456143856049,0,0
0.00047337877194988345776,2.0191581324892635685,0.20340789879464457601,0.43098650006638411503,5.933094985563478474,0.99661899012897814387,2.8645340447691274299,0.3553245343283916724,1037,1037,-0.0027397782541811466217,0,0
0.00047819073557879142756,2.0132742612440570618,0.20444426279983571315,0.43207760961241958864,5.9375509199900440294,0.99765416360740855062,2.8645331755770091497,0.35686689628845558175,1038,1038,-0.0027269755955785512924,0,0
0.00048304476032570383727,2.0073959327021824173,0.20548739163229590154,0.43316994508318162893,5.9420448639643117517,0.99869688238692644333,2.8645344550671367756,0.35841645176360076297,1039,1039,-0.0027141729369759559631,0,0
0.00048794100524056344516,2.0015216285580241795,0.20653719352628616135,0.43426347301159640146,5.9465722396925464466,0.99974546071349457144,2.8645335338656772173,0.35997327190789035756,1040,1040,-0.0027013702783733606339,0,0
0.00049287962494996286848,1.9956540849721662312,0.20759365170919205634,0.43535815954987322485,5.9511375211336501323,1.0008015141954118565,2.8645348593579638141,0.36153701289621459347,1041,1041,-0.0026885676197707653046,0,0
0.00049786076957941834652,1.9897917116464096665,0.20865666292777768076,0.43645397048014955566,5.9557359407934136186,1.0018632677716483581,2.8645338834804041639,0.3631077399360405078,1042,1042,-0.0026757647283375263214,0,0
0.000502884584620152085,1.9839373219489351285,0.20972621051053111363,0.43755087121290336949,5.9603721139533307749,1.0029324168516591254,2.8645352566508228698,0.36468509928406189768,1043,1043,-0.0026629620697349309921,0,0
0.00050795121085484050763,1.9780892501949394191,0.21080217907895693052,0.43864882679847322366,5.9650410782961085232,1.004007092638853349,2.8645342233596058357,0.36626914975488883419,1044,1044,-0.0026501594111323356628,0,0
0.00051306078422624240044,1.9722503882074811088,0.21188455258425212269,0.43974780192612356045,5.9697475939143238577,1.0050890747279179749,2.8645356459390329817,0.36785952836303070779,1045,1045,-0.0026373567525297403336,0,0
0.00051821343576698402755,1.9664189914637917322,0.21297320286153262336,0.44084776093644928441,5.9744864987930466071,1.0061763959915932531,2.8645345524308205576,0.36945628704442851076,1046,1046,-0.0026245540939271450043,0,0
0.00052340929147071362914,1.9605980314452817748,0.21406811507912756887,0.44194866782113378934,5.9792627012134662579,1.007270924810032886,2.8645360262051449141,0.37105905437525982249,1047,1047,-0.002611751435324549675,0,0
0.00052864847222648398816,1.9547856812922246306,0.21516914760031380371,0.44305048623623838333,5.9840708348917122095,1.0083705909625142461,2.8645348696167172164,0.37266787488153890751,1048,1048,-0.0025989485438913106918,0,0
0.00053393109369315183699,1.9489849932981511138,0.21627628748309254969,0.44415317950269306291,5.9889159595296685978,1.0094773564362353735,2.8645363964265992962,0.37428236964295363842,1049,1049,-0.0025861458852887153625,0,0
0.00053925726623891591383,1.9431940547305801559,0.21738937890803369801,0.44525671062046540127,5.99379250036658906,1.0105890429858666035,2.8645351738415985032,0.37590257519224190563,1050,1050,-0.0025733432266861200333,0,0
0.00054462709481972705009,1.9374159997929725208,0.2185084115788372694,0.44636104226982448173,5.9987056715732061107,1.0117077112531884797,2.8645367555818803673,0.37752810620287957644,1051,1051,-0.002560540568083524704,0,0
0.000550040678924511783,1.931648826319761092,0.21963321475576078057,0.44746613682637198517,6.003649686131844021,1.012831069868532774,2.8645354640384645961,0.37915899057137358863,1052,1052,-0.0025477379094809293747,0,0
0.00055549811245838719327,1.9258957514597414562,0.22076378163307666669,0.4485719563631187512,6.0086299155024462948,1.0139612834056372925,2.8645371026569090844,0.38079483781440243151,1053,1053,-0.0025349350180476903915,0,0
0.00056099948369409363517,1.9201546800429802886,0.22189992578487888197,0.44967846266635452812,6.0136403571289021031,1.0150959421025718132,2.8645357391563459615,0.38243566648124704965,1054,1054,-0.0025221323594450950623,0,0
0.00056654487516083246353,1.9144289131298157791,0.22304164483506794259,0.45078561723857435428,6.0186865423037447798,1.0162373199753109709,2.8645374366519917864,0.38408108235128690655,1055,1055,-0.002509329700842499733,0,0
0.00057213436360239642263,1.9087162589791144551,0.22418873587562701544,0.45189338131515188746,6.0237622502240881772,1.017382883434349683,2.8645359981682361195,0.38573109383805315176,1056,1056,-0.0024965270422399044037,0,0
0.00057776801987248331289,1.9030201034525724424,0.22534120199859541955,0.45300171586815357605,6.0288731742264438651,1.018535021683237396,2.8645377565889464933,0.38738530458438402704,1057,1057,-0.0024837243836373090744,0,0
0.00058344590889995858688,1.8973381546919960705,0.22649882298575343964,0.45411058162376755076,6.0340128732072324524,1.0196910717037193095,2.8645362400791838375,0.38904371199154569316,1058,1058,-0.0024709214922040700912,0,0
0.00058916808959153465185,1.8916738841667666282,0.22766160854031125549,0.45521993906704433241,6.0391872043643681778,1.0208535438683867813,2.8645380615185827011,0.39070591935910659043,1059,1059,-0.002458118833601474762,0,0
0.00059493461480453592796,1.8860248963949610701,0.22882932027119515239,0.4563297484600186138,6.0443895049799829522,1.0220196399652266006,2.8645364639347405955,0.39237191209996180596,1060,1060,-0.0024453161749988794327,0,0
0.00060074553125786351541,1.8803947491687786897,0.23000197574528358224,0.45743996984741713829,6.0496257974685327952,1.0231919977534735811,2.8645383505282717707,0.39404129516765917796,1061,1061,-0.0024325135163962841034,0,0
0.0006066008795125649904,1.8747809399348627224,0.23117931749867975944,0.45855056307539732163,6.0548891970162728171,1.0243676779011832156,2.8645366688294893187,0.39571404089826262007,1062,1062,-0.0024197108577936887741,0,0
0.00061250069389201392336,1.8691871134243480679,0.23236137232856213242,0.4596614877982591052,6.0601858920710016676,1.0255494520067214292,2.8645386227495848175,0.39738975811205673461,1063,1063,-0.002406907966360449791,0,0
0.00061844500247051361307,1.8636106566449963662,0.23354786275778974258,0.46077270349771259905,6.0655087761708230687,1.0267342335341744786,2.8645368539156832455,0.3990684048534929862,1064,1064,-0.0023941053077578544617,0,0
0.00062443382700363926543,1.858055301775840995,0.23473882629898285002,0.46188416949063154648,6.0708642039912126265,1.0279249346058298986,2.8645388773659510306,0.40074959624948269798,1065,1065,-0.0023813026491552591324,0,0
0.00063046718292500533633,1.8525183221214247542,0.23593396447733896992,0.46299584494874518326,6.076244848902102369,1.0291183152438443393,2.8645370184118514878,0.40243327469654588402,1066,1066,-0.0023684999905526638031,0,0
0.00063654507928774409307,1.8470035377019007328,0.23713332712862328355,0.46410768890747300386,6.0816572312860408545,1.030317435007540583,2.8645391136201632243,0.40411906430695881953,1067,1067,-0.0023556973319500684738,0,0
0.00064266751876943255424,1.8415081049816597325,0.23833659374799745501,0.46521966028591660303,6.0870938069658100389,1.031518894089868299,2.8645371616112091928,0.40580689031497246821,1068,1068,-0.0023428946733474731445,0,0
0.00064883449762571086296,1.836035932090763767,0.23954382822824996091,0.4663317178968190424,6.0925612606937793458,1.0327259066231349038,2.8645393308216400285,0.40749638874753141282,1069,1069,-0.0023300917819142341614,0,0
0.0006550460057032460922,1.830584055669655541,0.24075468694976553952,0.46744382046671628661,6.0980518346221437298,1.0339349064397465039,2.8645372828898598705,0.40918746598648686463,1070,1070,-0.0023172891233116388321,0,0
0.00066130202640650014717,1.8251564720933788344,0.24196924972561428824,0.46855592664706541273,6.1035723756079978131,1.0351492695967308144,2.8645395283533372499,0.41087977316514240345,1071,1071,-0.0023044864647090435028,0,0
0.00066760253671845775931,1.8197500953748066976,0.24318714867944993263,0.46966799503439604635,6.1091149173856500454,1.0363652568965189271,2.864537381714518105,0.41257319592797009333,1072,1072,-0.0022916838061064481735,0,0
0.00067394750718157239201,1.8143690101258844738,0.24440848153993732783,0.47077998418265520897,6.1146864656025163853,1.0375864138797044056,2.8645397056781356504,0.41426740398053107928,1073,1073,-0.0022788811475038528442,0,0
0.00068033690192582560972,1.8090100051367647982,0.2456328549695155905,0.47189185262318050773,6.1202788523305011736,1.0388088215178323814,2.8645374576497806274,0.41596226012971876385,1074,1074,-0.0022660782560706138611,0,0
0.0006867706786649113368,1.8036772530948586013,0.2468603867420268716,0.47300355887831485591,6.1258992375118168638,1.0400362025907001762,2.8645398623447038133,0.41765745640544732487,1075,1075,-0.0022532755974680185318,0,0
0.00069324878873100242646,1.7983674152104720534,0.24809065678588401727,0.47411506148100307501,6.1315392599466260748,1.0412644513138593627,2.8645375103646792958,0.41935283043994470153,1076,1076,-0.0022404729388654232025,0,0
0.000699771177087255415,1.7930847519212387287,0.24932380518558644455,0.47522631898973471953,6.1372062280526016309,1.0424974756467588755,2.8645399979925700862,0.42104810063779496421,1077,1077,-0.0022276702802628278732,0,0
0.000706337782368461598,1.7878257947688693807,0.25055938378816711154,0.47633729000754349014,6.1428915975228104429,1.0437309760076136644,2.864537539638516872,0.42274307685971379556,1078,1078,-0.0022148676216602325439,0,0
0.00071294853691099074281,1.7825948914410543189,0.25179755739124115577,0.47744793319834633039,6.1486028179529892412,1.0449690536471081259,2.8645401123563662971,0.42443750824571491176,1079,1079,-0.0022020647302269935608,0,0
0.00071960336679829657158,1.7773884420218160063,0.25303784833190950954,0.47855820730510506555,6.1543311740132828902,1.0462072080372011307,2.864537545365803517,0.42613117400426947512,1080,1080,-0.0021892620716243982315,0,0
0.00072630219190944532524,1.7722108807621086424,0.25428044866084664744,0.47966807116763698904,6.1600842475358152939,1.0474497419871882098,2.8645402052692046091,0.42782385869446776239,1081,1081,-0.0021764594130218029022,0,0
0.0007330449259682127747,1.7670584748308040268,0.25552484968839250801,0.48077748373967621465,6.1658531663233260289,1.0486919467755626556,2.8645375275601896448,0.42951530768262741189,1082,1082,-0.0021636567544192075729,0,0
0.00073983147661138895772,1.7619357441562690791,0.25677127339566618858,0.48188640410824218341,6.171645633680383547,1.0499383351764661754,2.8645402766648988546,0.43120534596619075618,1083,1083,-0.0021508540958166122437,0,0
0.00074666174543995794243,1.7568388218988040261,0.25801917845370686555,0.48299479150931623472,6.1774526369282600768,1.0511839829394082901,2.8645374863572703461,0.43289368154383867093,1084,1084,-0.0021380514372140169144,0,0
0.00075353562810844139895,1.7517723125660249472,0.2592688195883302571,0.4841026053488694525,6.1832819880673648427,1.052433621329992075,2.8645403265791689051,0.43458018521942448631,1085,1085,-0.0021252485457807779312,0,0
0.00076045301437637608487,1.7467322146130817018,0.26051962111523074839,0.48520980521684597964,6.1891245527198641696,1.0536821031555061445,2.8645374220163519752,0.43626452373546725783,1086,1086,-0.0021124458871781826019,0,0
0.00076741378822001973716,1.7417232158023607802,0.26177187345492841652,0.48631635090996516713,6.1949882365894124447,1.054934386800040258,2.8645403551496890771,0.43794661943270762894,1087,1087,-0.0020996432285755872726,0,0
0.00077441782788208049851,1.7367411796168055194,0.26302496474020126138,0.4874222024436832279,6.200863804952059688,1.0561850946489801384,2.8645373349209153346,0.43962609351754011744,1088,1088,-0.0020868405699729919434,0,0
0.00078146500600718721979,1.7317908755078157412,0.26427922417047339243,0.48852732007690058413,6.2067592397901760748,1.0574394209110486997,2.8645403626148593368,0.44130292597475273553,1089,1089,-0.0020740379113703966141,0,0
0.00078855518968753415474,1.7268680321813911771,0.26553400174820851465,0.48963166432155103003,6.2126652301392821798,1.0586917500154648941,2.8645372255778638326,0.44297668777384990868,1090,1090,-0.0020612350199371576309,0,0
0.00079568824062362943604,1.7219774989547931288,0.26678966866817516168,0.49073519596936704401,6.2185898141749076373,1.0599475207583248793,2.8645403493113179572,0.44464742304258697558,1091,1091,-0.0020484323613345623016,0,0
0.00080286401516319050309,1.7171148704470557966,0.26804553472687608906,0.49183787609871831847,6.224523631741742058,1.061200872036377918,2.8645370946155042091,0.4463146473618126997,1092,1092,-0.0020356297027319669724,0,0
0.00081008236448882036534,1.7122850737435804103,0.26930201646080331734,0.49293966610361211744,6.2304747542192915333,1.0624574960288111214,2.8645403156703612702,0.44797847590892314606,1093,1093,-0.0020228270441293716431,0,0
0.00081734313464718630175,1.7074835705931163954,0.27055838124805520195,0.49404052769738271422,6.2364338024554655249,1.0637112784946365363,2.864536942780286477,0.44963836324236833297,1094,1094,-0.0020100243855267763138,0,0
0.00082464616676540460505,1.702715363458445319,0.27181509444064089198,0.49514042294412596856,6.2424088548855030112,1.0649681738003586862,2.8645402622129343406,0.45129450292070910633,1095,1095,-0.0019972214940935373306,0,0
0.00083199129706720072359,1.697975782992688476,0.2730713786404764809,0.49623931425881823154,6.2483905469102971608,1.066221806946768158,2.8645367709323155125,0.45294628233256900574,1096,1096,-0.0019844188354909420013,0,0
0.0008393783571199575199,1.6932699043324843657,0.27432775161359074234,0.49733716444141168322,6.2543869344439233515,1.0674784032751618579,2.8645401895436868323,0.45459398119242377945,1097,1097,-0.0019716161768883466721,0,0
0.00084680717383421382719,1.6885929293983752419,0.27558338867411452666,0.49843393667293778293,6.2603887045678003886,1.0687313194066769828,2.8645365800397502021,0.45623691302559704619,1098,1098,-0.0019588135182857513428,0,0
0.00085427756974354278341,1.6839500029634253409,0.27683886372256921726,0.49952959455252299303,6.2664038573863853898,1.0699870604023964393,2.8645400983437259157,0.45787545194029916074,1099,1099,-0.0019460107432678341866,0,0
0.00086178936298338050699,1.6793362011965979885,0.27809330211150357082,0.50062410208900587349,6.2724231726018677691,1.0712387068963094006,2.8645363711721412159,0.4595088303259745599,1100,1100,-0.0019332080846652388573,0,0
0.00086934236760612864162,1.6747567351132883751,0.27934733771570668948,0.50171742374116512497,6.278454557211713194,1.0724930523456726039,2.8645399893625476118,0.4611375254070221863,1101,1101,-0.001920405426062643528,0,0
0.00087693639353493568495,1.6702065587583181383,0.28060004308198105427,0.50280952440435633388,6.2844889285399476719,1.0737428938191899697,2.8645361454928139899,0.46276068055163083192,1102,1102,-0.0019076026510447263718,0,0
0.00088457124691668806253,1.6656909456144000092,0.28185211601596643627,0.50390036945428040571,6.2905340588594205187,1.0749953217518515292,2.8645398634089667134,0.46437888533089205501,1103,1103,-0.0018947999924421310425,0,0
0.00089224673004599682185,1.6612047319035114779,0.28310257323625881432,0.504989924728121653,6.2965810524405592119,1.0762428421142384849,2.8645359042503781843,0.46599118555919827322,1104,1104,-0.0018819973338395357132,0,0
0.00089996264175903233681,1.6567532493936638627,0.2843521805505887512,0.50607815657222365857,6.3026375005681956054,1.0774928507796728283,2.864539721341292644,0.46759829291843713062,1105,1105,-0.001869194558821618557,0,0
0.00090771877732257074366,1.6523312214854113389,0.28559989564098048342,0.50716503181718508575,6.3086947483859736607,1.0787375551495455017,2.8645356487696549408,0.46919914645443194789,1106,1106,-0.0018563919002190232277,0,0
0.00091551492887196434748,1.6479440336153978741,0.28684655650136947624,0.50825051782984953519,6.3147601549401484178,1.079984664849198861,2.8645395640569151219,0.47079459028539599741,1107,1107,-0.0018435891252011060715,0,0
0.00092335088525970253955,1.6435863020893815012,0.28809105837570886388,0.50933458248179008798,6.3208253650732819651,1.0812260813185334829,2.8645353804419939614,0.47238344675573423759,1108,1108,-0.0018307864665985107422,0,0
0.00093122643254119584488,1.6392634609316953931,0.28933431573994811137,0.51041719420606668223,6.3268974489989977528,1.0824698360762541327,2.8645393924814253062,0.47396670333734847169,1109,1109,-0.0018179838079959154129,0,0
0.00093914135377687487337,1.6349700258292818589,0.2905751577984532763,0.51149832195850264416,6.3329684152983665157,1.0837075173046470944,2.8645351007153196932,0.47554305498554366727,1110,1110,-0.0018051810329779982567,0,0
0.00094709542956988206422,1.6307114738174759427,0.29181457991616138736,0.51257793527970807457,6.3390449830420143584,1.0849474863599108954,2.8645392075573612445,0.4771136440682502422,1111,1111,-0.0017923783743754029274,0,0
0.00095508843781529247086,1.6264822272128716119,0.29305134144987737832,0.51365600424852186912,6.345119594139382535,1.0861810109846996575,2.864534811083956356,0.47867702667137224104,1112,1112,-0.0017795755993574857712,0,0
0.00096312015429427097132,1.622287799955916654,0.29428652317192061094,0.51473249954985200727,6.3511985481011281607,1.0874167900955002963,2.8645390102328462945,0.48023451226234681322,1113,1113,-0.0017667729407548904419,0,0
0.0009711903523635627292,1.6181225290361509472,0.29551881057107248774,0.51580739241962902941,6.3572747956641766365,1.0886457639457867153,2.8645345130785155874,0.48178450574574510634,1114,1114,-0.0017539702821522951126,0,0
0.00097929880361116456583,1.613991958628686163,0.29674937445795906976,0.51688065471906219361,6.3633541418467274298,1.0898769764904956414,2.8645388014502648488,0.48332849659246329699,1115,1115,-0.0017411675071343779564,0,0
0.00098744527747873941069,1.6098903492558531703,0.2979768222147663459,0.51795225887041795865,6.3694301280048470915,1.0911010335956250472,2.8645342082558804542,0.48486472534175523164,1116,1116,-0.0017283648485317826271,0,0
0.00099562954198442027952,1.6058232680548527593,0.29920241943601966206,0.51902217793834837245,6.3755079827886413923,1.0923273314658281663,2.8645385821350433098,0.48639487511518769702,1117,1117,-0.0017155621899291872978,0,0
0.0010038513632703179555,1.6017849087787014994,0.30042469093533635816,0.52009038555577435936,6.3815819266666524712,1.0935461348517103719,2.8645338981896038,0.48791700798852588594,1118,1118,-0.0017027594149112701416,0,0
0.0010121105063986607277,1.597780853612390084,0.30164500195457810694,0.52115685601299910346,6.3876565226528470021,1.0947671991307370565,2.8645383531846788649,0.48943301517091464259,1119,1119,-0.0016899567563086748123,0,0
0.0010204067348160358875,1.5938052400968405475,0.30286179004851221386,0.52222156417293974506,6.3937267659620751203,1.0959804414001788064,2.8645335844607831,0.49094076521816942815,1120,1120,-0.0016771539812907576561,0,0
0.0010287398112297136982,1.5898636568671469238,0.30407652509189408985,0.52328448556879658682,6.3997964568388931994,1.0971959828249717717,2.8645381154583104966,0.49244237270393093064,1121,1121,-0.0016643513226881623268,0,0
0.0010371094969797180468,1.5859501966902949111,0.30528755245738004032,0.52434559630783972306,6.4058614684879398027,1.098403386520997449,2.8645332686495947883,0.49393549660289121084,1122,1122,-0.0016515486640855669975,0,0
0.0010455155530028896905,1.5820704453264342604,0.3064964517658045895,0.52540487317846795712,6.4119247328887469806,1.0996131457277358301,2.8645378697667673862,0.49542249102455548915,1123,1123,-0.0016387458890676498413,0,0
0.0010539577391032856329,1.5782184631099873684,0.30770147104697703755,0.52646229354171336645,6.4179831125910933309,1.1008144634817882412,2.8645329523276368278,0.49690078824750449904,1124,1124,-0.001625943230465054512,0,0
0.0010624358150122770964,1.5743998228276001594,0.30890430491532866464,0.52751783544858843467,6.4240385569265017196,1.1020182110384524332,2.8645376168632123992,0.49837299904169862774,1125,1125,-0.0016131405718624591827,0,0
0.001070949539547156595,1.5706085656489472413,0.31010309865524104955,0.52857147751842559202,6.4300890377957582444,1.1032132255080266958,2.8645326370510781899,0.49983631076863149767,1126,1126,-0.0016003377968445420265,0,0
0.0010794986717763722928,1.5668502404666002636,0.31129966726457575232,0.52962319906747767906,6.4361353980569475652,1.1044107617398550847,2.8645373574345627254,0.50129360899992048139,1127,1127,-0.0015875351382419466972,0,0
0.0010880829700555638521,1.5631188835045140006,0.31249204763343091384,0.5306729799731637609,6.44217684819462999,1.1055992853427663025,2.8645323243548270753,0.5027418167973068952,1128,1128,-0.001574732363224029541,0,0
0.0010967021933078826851,1.5594200079678701698,0.31368218068448339153,0.53172080081495565196,6.4482129907376730671,1.1067904399589270081,2.8645370920936636949,0.50418411376005156654,1129,1129,-0.0015619297046214342117,0,0
0.0011053560999259629503,1.5557476603315516517,0.31486798901392176742,0.53276664272354767871,6.4542444138321295455,1.1079723144138085011,2.8645320157478084688,0.50561713804619967672,1130,1130,-0.0015491270460188388824,0,0
0.0011140444491781835955,1.5521073053940668274,0.31605154517269995473,0.53381048753513227201,6.460269335166890059,1.1091569459459869051,2.8645368213722122164,0.50704438366674964289,1131,1131,-0.0015363242710009217262,0,0
0.0011227669999643254042,1.5484930160844851965,0.31723065130788258292,0.53485231762445650805,6.4662898701346094299,1.1103320416307829177,2.864531712709201372,0.50846218198667869625,1132,1132,-0.0015235216123983263969,0,0
0.0011315235123596141011,1.5449101950936527938,0.3184075174760450655,0.53589211607366660228,6.4723026957539229187,1.111510036696376158,2.8645365457144880139,0.50987436304963873468,1133,1133,-0.0015107189537957310677,0,0
0.0011403137462109790793,1.5413529590462604624,0.31957981895917236814,0.53692986648814866601,6.478311615466835427,1.1126782518385354148,2.8645314166858915073,0.51127692818369507854,1134,1134,-0.0014979161787778139114,0,0
0.0011491374628317468313,1.5378266337844526124,0.32074990938375136373,0.53796555318120020672,6.4843115977632637126,1.113849524242956468,2.8645362654719535023,0.51267406640730639467,1135,1135,-0.0014851135201752185822,0,0
0.001157994423424532713,1.5343253979431072942,0.32191533048426046459,0.53899916097148559135,6.4903083069159626106,1.1150107839565979173,2.864531129091014261,0.51406142433871271358,1136,1136,-0.0014723107451573014259,0,0
0.0011668843909405535609,1.5308544846734968292,0.32307858572265263364,0.54003067538487381505,6.4962948222429490741,1.11617527365056457,2.8645359808985912942,0.51544357432500043092,1137,1137,-0.0014595080865547060966,0,0
0.0011758071283142429789,1.5274081540468702478,0.32423707633064835498,0.54106008243226844101,6.5022788544238121489,1.1173295288372326883,2.8645308513036407128,0.51681578209199907636,1138,1138,-0.0014467054279521107674,0,0
0.0011847624005023114479,1.5239915295165293863,0.32539346208797259585,0.54208736883003305618,6.5082513993667081564,1.1184872007460726628,2.864535692146920276,0.51818302917769554217,1139,1139,-0.0014339026529341936111,0,0
0.0011937499725141317505,1.5205989731705136236,0.32654499648836521342,0.54311252175687851906,6.5142224134043287265,1.1196344268766220686,2.8645305846694948393,0.51954017263598373244,1140,1140,-0.0014210999943315982819,0,0
0.00120276961164690957,1.5172354805251564436,0.32769450234510033582,0.54413552909438378524,6.5201806003346609586,1.1207852696194697817,2.8645353992647724084,0.52089263067006863483,1141,1141,-0.0014082973357290029526,0,0
0.0012118210852947990802,1.5138955374672351528,0.32883907789061894711,0.54515637916154069398,6.5261383759980784447,1.1219254654153008044,2.86453033050282313,0.52223482219092920431,1142,1142,-0.0013954945607110857964,0,0
0.0012209041633978667211,1.5105839920351518124,0.32998171593883462993,0.54617506097697288148,6.5320819279885284914,1.1230694899324145108,2.8645351021926130919,0.52357263126410980014,1143,1143,-0.0013826919021084904671,0,0
0.0012300186160116633773,1.5072954769500255257,0.33111935164033950985,0.54719156396964330202,6.5380263611239657351,1.1242026759645449285,2.8645300900891563778,0.52490000739288966702,1144,1144,-0.0013698891270905733109,0,0
0.0012391642159890665399,1.5040346718558803563,0.33225515504708152958,0.54820587826447075841,6.5439551063070044989,1.1253399140712643245,2.8645348007614348518,0.5262233315434973191,1145,1145,-0.0013570864684879779816,0,0
0.0012483407362907509349,1.5007963806551394281,0.33338589009961988596,0.54921799436761098434,6.5498862034975662283,1.1264661312957451322,2.8645298646890937633,0.52753605064203401565,1146,1146,-0.0013442838098853826523,0,0
0.0012575479529204904808,1.4975850922283671096,0.33451491161574170574,0.5502279034772721289,6.55580006895141576,1.1275966341813055127,2.8645344946910693551,0.52884507556156290509,1147,1147,-0.0013314810348674654961,0,0
0.0012667856419555493554,1.4943958073808376597,0.33563880387852851328,0.55123559714187408964,6.5617179417880047154,1.1287159424292427801,2.8645296555429964336,0.53014331545685167146,1148,1148,-0.0013186783762648701668,0,0
0.0012760535827576061432,1.4912328003271058119,0.33676111431092164983,0.55224106759797164656,6.5676169470351730695,1.1298397791183047989,2.8645341835888116222,0.53143824621698543265,1149,1149,-0.0013058757176622748375,0,0
0.0012853515547005661939,1.4880912959408947316,0.3378782387587675462,0.55324430739948382563,6.5735218060863074285,1.130952255558072217,2.8645294638764076112,0.532722201876689061,1150,1150,-0.0012930729426443576813,0,0
0.0012946793406809666959,1.4849753282494950746,0.33899392542323197874,0.55424530978474961795,6.5794060562894340904,1.132069511352161939,2.8645338669483435545,0.53400326069791492767,1151,1151,-0.001280270284041762352,0,0
0.0013040367235190781538,1.4818803748808384579,0.34010437258622672196,0.55524406827489847238,6.5852982048570458673,1.1331752489406843321,2.8645292909062751718,0.53527314195160557997,1152,1152,-0.0012674675090238451958,0,0
0.0013134234897944410941,1.4788102024453377847,0.34121353775725893342,0.55624057707218210744,6.5911678837937106579,1.1342860238557503916,2.8645335441487995709,0.53654056603164335115,1153,1153,-0.0012546648504212498665,0,0
0.001322839425894341411,1.4757605716138399998,0.34231741216448446918,0.55723483062542877864,6.597047711539638648,1.1353851297947141763,2.8645291378479091904,0.53779659535465962339,1154,1154,-0.0012418621918186545372,0,0
0.0013322843222020551695,1.4727349525475161851,0.34342017153722503853,0.55822682406192336568,6.6029030744351162596,1.1364895370099288296,2.8645332144538602215,0.53905063477298431618,1155,1155,-0.001229059416800737381,0,0
0.0013417579687648689517,1.4697294209418512168,0.34451759017905242422,0.55921655271774928231,6.6087710509585848584,1.1375821312215370629,2.8645290059224373103,0.54029304514771880896,1156,1156,-0.0012162567581981420517,0,0
0.0013512601598646806992,1.4667471195740324763,0.3456140713573389589,0.56020401260562713297,6.6146124172511955308,1.1386802955532628889,2.864532877010877332,0.54153396086030558543,1157,1157,-0.0012034539831802248955,0,0
0.0013607906892756501879,1.4637844729364275498,0.34670516217958613492,0.56118919990779803086,6.6204690856938475108,1.1397665091889066513,2.8645288963649915281,0.54276299372760083983,1158,1158,-0.0011906513245776295662,0,0
0.0013703493552490017462,1.4608442634799352344,0.34779550320269669861,0.56217211148237744567,6.6262968318012243074,1.1408585656022596222,2.864532530849715819,0.54399105566400185463,1159,1159,-0.0011778486659750342369,0,0
0.0013799359553281521917,1.4579233001619933408,0.34888040364448746899,0.56315274431627493357,6.632142802550370142,1.1419385395960286456,2.864528810433240924,0.54520695897519799722,1160,1160,-0.0011650458909571170807,0,0
0.0013895502917819254739,1.45502397004611006,0.34996475156371936732,0.56413109607277467372,6.6379573547007098,1.1430246317651711063,2.8645321748815861795,0.5464224442478224919,1161,1161,-0.0011522432323545217514,0,0
0.001399192165942605634,1.4521435042325161469,0.35104360714938526167,0.56510716450181897041,6.6437932992553418998,1.1440985154426095427,2.8645287494165270203,0.54762547062585387181,1162,1162,-0.0011394405737519264221,0,0
0.0014088613841242913702,1.4492838570997184089,0.35212211666407389199,0.56608094803169295428,6.6495951264389843161,1.1451787943692288696,2.8645318078973716069,0.54882866185936651782,1163,1163,-0.0011266377987340092659,0,0
0.0014185577514467080044,1.4464427217001305515,0.35319507965794461057,0.56705244513381580784,6.6554217714971182218,1.1462467441202948137,2.8645287146453388694,0.55001906687522061912,1164,1164,-0.0011138351401314139366,0,0
0.0014282810782781454623,1.4436215800684712995,0.35426791181902506089,0.56802165496158607549,6.661211378588394183,1.1473213668183184222,2.8645314285656953146,0.55121025066187145924,1165,1165,-0.0011010323651134967804,0,0
0.0014380311735050618684,1.4408186292813205398,0.35533513995042531608,0.56898857666663038568,6.6670295004072075429,1.1483835448419417169,2.8645287075012690892,0.55238829123075416927,1166,1166,-0.0010882297065109014511,0,0
0.0014478078515419731762,1.4380348368775104362,0.35640246093815092232,0.56995321008805843732,6.6728074214983976731,1.1494526730949774507,2.8645310354304496236,0.55356775671565794372,1167,1167,-0.0010754270479083061218,0,0
0.0014576109250038465481,1.4352689484326697222,0.35746411620239365581,0.57091555501691082508,6.6786178405715617146,1.1505092462211063964,2.8645287294272683276,0.55473368961529267995,1168,1168,-0.0010626242728903889656,0,0
0.001467440212328429772,1.432521372203992005,0.35852609618332970109,0.57187561193927505254,6.6843846325540816622,1.1515730454176569264,2.8645306269078609773,0.55590172721381725385,1169,1169,-0.0010498216142877936363,0,0
0.00147729552980515569,1.4297914492938816888,0.35958234372312031235,0.57283338124545268855,6.6901882086445914055,1.1526241840113036208,2.8645287819383891126,0.55705580772560836511,1170,1170,-0.001037018955685198307,0,0
0.0014871766998588061004,1.4270789811096604716,0.36063915579009481194,0.57378886403060946897,6.6959444450642235935,1.1536828220613042362,2.8645302012828821603,0.5582127079734496844,1171,1171,-0.0010242161806672811508,0,0
0.0014970835423851270099,1.4243839540209928263,0.36169016286030647445,0.57474206124494497949,6.701742072623503077,1.1547286990116598648,2.8645288666328196925,0.55935518864558386731,1172,1172,-0.0010114135220646858215,0,0
0.0015070158837483145498,1.4217055120764128251,0.36274198205775065595,0.5756929745557837208,6.7074883378306449089,1.15578234534666624,2.8645297567049197163,0.56050124118066102508,1173,1173,-0.00099861074704676866531,0,0
0.0015169735473697636835,1.4190443395367113855,0.36378791707529184452,0.57664160543477616105,6.7132809418287040515,1.1568231351431166321,2.864528985203297573,0.56163237071083027541,1174,1174,-0.00098580808844417333603,0,0
0.0015269563634957533486,1.4163988694738025576,0.36483491951110841311,0.57758795608558932688,6.7190178254371630828,1.1578719598011859571,2.8645292911828779125,0.56276786338479301008,1175,1175,-0.00097300537163391709328,0,0
0.0015369641589816885295,1.4137705397285196263,0.36587595119042315428,0.57853202846390128222,6.7248063576227803395,1.1589078376968833251,2.8645291394490195458,0.5638878856189292188,1176,1176,-0.00096020271303132176399,0,0
0.0015469967678905717934,1.4111570154906172281,0.36691831323437890111,0.57947382527512059092,6.7305344492836560732,1.1599520104919955887,2.8645288025793602671,0.56501310373497026784,1177,1177,-0.00094739999622106552124,0,0
0.0015570540204106555777,1.4085605471281381629,0.36795460980799898909,0.58041334892264173639,6.7363198848873135915,1.1609831517545352586,2.8645293312878972181,0.56612225677726868422,1178,1178,-0.00093459727941080927849,0,0
0.0015671357543498209888,1.4059779715650781995,0.36899250737571537284,0.58135060258031567848,6.7420397693797342598,1.1620228415295110747,2.8645282886040535075,0.56723748245001459622,1179,1179,-0.00092179456260055303574,0,0
0.001577241803119829814,1.4034124141077388703,0.37002423589838123741,0.58228558906412541951,6.7478231042674572393,1.163049420777346743,2.8645295627692859419,0.56833599787862709718,1180,1180,-0.00090899190399795770645,0,0
0.00158737200819661535,1.4008598193501613505,0.37105784381898843094,0.5832183119844417396,6.7535353569010512231,1.1640847947381887106,2.8645277468061505211,0.56944150951103633673,1181,1181,-0.0008961891871877014637,0,0
0.0015975262060991960236,1.3983242536302062931,0.3720851695529943659,0.58414877453594615808,6.7593176051829386708,1.165106985360619074,2.8645298360873221455,0.57052961169299032385,1182,1182,-0.00088338647037744522095,0,0
0.0016077042418911355413,1.3958007012515176726,0.37311466101785562,0.58507698073504077474,6.7650227875027217905,1.1661382084895228761,2.8645271745658762441,0.57162568356467691189,1183,1183,-0.0008705837535671889782,0,0
0.0016179059550766687874,1.3932942395912375488,0.37413774689655382444,0.58600293412249049307,6.7708049795952289784,1.1671561821472968834,2.864530153594722961,0.57270358906302154534,1184,1184,-0.00085778109496459364891,0,0
0.0016281311942242661199,1.3907988205762216172,0.3751632929857444676,0.58692663909171660652,6.7765036353746408437,1.1681834166908655614,2.8645265690848944473,0.57379049102389323433,1185,1185,-0.00084497837815433740616,0,0
0.0016383798016965929294,1.3883206067916074034,0.37618229915158019061,0.58784809949825167497,6.7822868165133280982,1.1691973428939694823,2.8645305178172697502,0.5748584080895666748,1186,1186,-0.00083217566134408116341,0,0
0.0016486516294832165297,1.3858524413305284284,0.37720406843430309696,0.58876732008503107618,6.7879794680172000909,1.1702207479226438558,2.8645259273756740193,0.57593640535240364642,1187,1187,-0.00081937294453382492065,0,0
0.0016589465226746113926,1.3834016505777027017,0.37821915184723392533,0.58968430499234758546,6.7937646972131755518,1.1712307936812962339,2.8645309314690150515,0.5769945334929924563,1188,1188,-0.00080657028593122959137,0,0
0.0016692643365976425011,1.3809598877043629539,0.37923731005197552912,0.59059905928667044694,6.7994518417092919549,1.1722505247156147501,2.8645252462497245993,0.5780638865184569708,1189,1189,-0.00079376756912097334862,0,0
0.0016796049189369286272,1.3785357261875077484,0.38024862416382759767,0.59151158736435005547,6.8052401911409106106,1.1732568542601864436,2.8645313974682262703,0.57911241613587105537,1190,1190,-0.00078096485231071710587,0,0
0.001689968128273871802,1.3761195432794182114,0.3812633339136701216,0.59242189459094118931,6.8109222976349226286,1.1742730629590896196,2.8645245223044835114,0.58017338060335987837,1191,1191,-0.00076816213550046086311,0,0
0.0017003538147512388488,1.3737212478386575665,0.38227102840362997549,0.59332998559144245476,6.8167148524646306029,1.1752758375244005684,2.8645319189542624017,0.58121249269222707845,1192,1192,-0.00075535947689786553383,0,0
0.0017107618401241671616,1.3713298499966164457,0.38328244901201136141,0.59423586600757605236,6.8223923586314940692,1.1762886714306637348,2.8645237519090041012,0.58226531955010851771,1193,1193,-0.00074255676008760929108,0,0
0.0017211920568557905527,1.3689566875932039913,0.38428666957841567386,0.59513954066684449096,6.8281902172369886017,1.177288049099995737,2.8645324993053944418,0.5832951854488752641,1194,1194,-0.00072975404327735304832,0,0
0.0017316443297969857928,1.366589306916907498,0.38529495690044684997,0.5960410154657391768,6.8338635265192966273,1.178297651437663518,2.8645229311881901246,0.58434012103779220393,1195,1195,-0.00071695132646709680557,0,0
0.0017421185135921941293,1.3642405740326153385,0.38629584510381842488,0.59694029540935933387,6.8396678011273159825,1.1792937870417044,2.8645331421577218123,0.58536090222443171172,1196,1196,-0.00070414866786450147629,0,0
0.0017526144761136005796,1.3618964688078851744,0.38730115143827759105,0.5978373866290687122,6.8453372799696889928,1.1803002965604076913,2.8645220560056130488,0.58639818846765179305,1197,1197,-0.00069134595105424523354,0,0
0.0017631320740469742184,1.3595714907742166844,0.3882988445906702113,0.59873229428385010831,6.8511490976812421394,1.1812933416264159714,2.8645338514252562945,0.58741003639218380972,1198,1198,-0.00067854323424398899078,0,0
0.0017736711782156151102,1.3572499445864709688,0.38930131862779543406,0.59962502472152123811,6.8568150728678762817,1.1822968924874055485,2.8645211219446116147,0.58843991104732451536,1199,1199,-0.00066574051743373274803,0,0
0.0017842316472059904613,1.3549480748585147616,0.39029594972352216198,0.60051558323238274362,6.8626355770645268706,1.1832869952340003827,2.8645346313213924105,0.58944296699345544166,1200,1200,-0.00065293785883113741875,0,0
0.0017948133547272167049,1.3526483956461028413,0.39129573653379579046,0.60140397636374010037,6.8682983331263463,1.184287716932818979,2.8645201242878681747,0.59046566396024313672,1201,1201,-0.00064013514202088117599,0,0
0.0018054161611253530858,1.3503690150345364351,0.39228743421679723724,0.60229020951573997156,6.8741286852478724612,1.1852750223059038692,2.8645354863818419666,0.59146005892880004762,1202,1202,-0.00062733242521062493324,0,0
0.0018160399429354764228,1.348090534094298576,0.39328467527610766474,0.60317428941963024958,6.8797884619042672938,1.1862730396267493482,2.8645190579950270404,0.59247580860809589964,1203,1203,-0.00061452970840036869049,0,0
0.0018266845621217298826,1.3458330499680493109,0.394273563839387442,0.60405622156496630026,6.8856298435900065158,1.1872576893723527647,2.8645364214891726462,0.59346166321515847475,1204,1204,-0.00060172699159011244774,0,0
0.0018373498979912480412,1.3435751209245894167,0.39526839708603106471,0.6049360128527789815,6.891286833189326444,1.1882531223692593958,2.8645179176783797104,0.59447069291481535735,1205,1205,-0.00058892433298751711845,0,0
0.0018480358139843851457,1.3413389663953607656,0.39625459649887251334,0.60581366884257170646,6.8971404487775540559,1.1892352551393643445,2.8645374418991842447,0.59544811729783209131,1206,1206,-0.0005761216161772608757,0,0
0.0018587421921328521959,1.3391009641442743749,0.39724715641812829992,0.60668919659234987751,6.9027947937000293521,1.1902282191395725519,2.8645166975765259387,0.59645065168153987845,1207,1207,-0.00056331889936700463295,0,0
0.0018694688972108665804,1.3368855972429707357,0.39823078237707715266,0.60756260171301146311,6.9086618730820177348,1.1912079706272780122,2.8645385532692704267,0.59741974540704523289,1208,1208,-0.0005505161825567483902,0,0
0.00188021581393408568,1.3346669168775444625,0.39922120010914174948,0.60843389140804260418,6.9143136630660668729,1.1921985762521760677,2.8645153915255754384,0.59841600698276598003,1209,1209,-0.00053771352395415306091,0,0
0.0018909828082676318969,1.332471819731184226,0.40020236410921494752,0.60930307132202432552,6.9201954648962278327,1.1931760793531109854,2.8645397616891048465,0.59937685894972314582,1210,1210,-0.00052491080714389681816,0,0
0.0019017697675777435386,1.3302718754609705876,0.40119076757653987508,0.61017014879370834457,6.9258447342491269438,1.1941644325523319559,2.8645139929279488378,0.60036706859482491527,1211,1211,-0.00051210809033364057541,0,0
0.0019125765588766494192,1.3280965534774107351,0.4021695769994792502,0.61103512948441851549,6.931742549514999574,1.1951398175495506759,2.8645410737136907109,0.60131975692804051636,1212,1212,-0.00049930537352338433266,0,0
0.00192340307215543827,1.3259147775468103081,0.40315609104948746388,0.6118980208591990877,6.9373892741650315941,1.1961260196437613068,2.8645124947182947217,0.60230413444859220995,1213,1213,-0.00048650268581695854664,0,0
0.0019342491753285059181,1.3237587586128933825,0.40413264926656145004,0.6127588285798759582,6.9433044301281512389,1.1970994144141551274,2.8645424963993448841,0.60324872637712423362,1214,1214,-0.00047369999811053276062,0,0
0.0019451147609940760887,1.3215946002273422089,0.40511739582572769969,0.61361756023002145266,6.9489485244722066781,1.1980835621419829717,2.864510889326344234,0.60422749109921380928,1215,1215,-0.00046089728130027651787,0,0
0.0019559996978222933713,1.3194574339242350902,0.40609180231331526434,0.61447422145635000046,6.9548823889974551449,1.1990550923829756957,2.8645440373429238434,0.60516404281526636755,1216,1216,-0.00044809459359385073185,0,0
0.0019669038810091782517,1.317310358191937647,0.40707490054824557735,0.61532881995437427314,6.9605237024915620481,1.2000372779471268903,2.8645091686361623395,0.60613741420636113588,1217,1217,-0.0004352918767835944891,0,0
0.0019778271798322833233,1.3151916150289915119,0.40804725101551109212,0.61618136134063605791,6.9664776887928043791,1.201007067423554231,2.8645457047247013804,0.60706597070091550261,1218,1218,-0.00042248918907716870308,0,0
0.0019887694920848208481,1.3130611019271940521,0.40902881749598235528,0.61703185341714528178,6.9721160022241175369,1.2019873785304866498,2.8645073239413161303,0.60803416901918372339,1219,1219,-0.00040968647226691246033,0,0
0.0019997306875010507909,1.3109603725924903195,0.40999920402544359765,0.61788030175569119695,6.9780915740685349746,1.2029555493431307589,2.864547507355758249,0.60895476389156522057,1220,1220,-0.00039688378456048667431,0,0
0.0020107106664798831894,1.3088459159694123546,0.41097935288312387181,0.61872671426045644516,6.983726595432172779,1.2039340692292859192,2.8645053458951426073,0.60991801086068708759,1221,1221,-0.00038408106775023043156,0,0
0.0020217092990586775676,1.3067628105903847935,0.41194786408721856263,0.61957109644430352624,6.9897252728672167876,1.2049007421089015235,2.8645494547307333022,0.61083066610077929592,1222,1222,-0.00037127838004380464554,0,0
0.0020327264882600160761,1.3046639172181044852,0.41292670716155743804,0.62041345631035416108,6.9953566327479821396,1.2058775495442026759,2.8645032244550021616,0.61178918560667761017,1223,1223,-0.00035847566323354840279,0,0
0.0020437621042672777204,1.3025980646189612155,0.41389342836165660122,0.62125379929870194751,7.0013799984465787674,1.2068428441783294325,2.8645515570873345546,0.61269391135058848263,1224,1224,-0.00034567297552712261677,0,0
0.0020548160527546020099,1.3005142533197378008,0.41487107532067268867,0.62209213350924874586,7.007007244768094445,1.2078180134337808127,2.8645009488189110414,0.61364793015443663826,1225,1225,-0.00033287025871686637402,0,0
0.0020658882038902038648,1.2984653002515749165,0.41583608876044442226,0.62292846429573478506,7.0130569511379556857,1.2087820488391929352,2.8645538254745543938,0.6145447244179176316,1226,1226,-0.000320067571010440588,0,0
0.0020769784660379358304,1.2963961011320794814,0.41681264717792432251,0.62376279985373372927,7.0186795430825084097,1.2097556495990839931,2.8644985073522044594,0.61549447287609959645,1227,1227,-0.00030726485420018434525,0,0
0.0020880867091849163696,1.2943637114350863282,0.41777603229139786967,0.62459514543723482216,7.0247573203634701144,1.2107185445613466435,2.8645562718327437501,0.61638332127534767313,1228,1228,-0.00029446216649375855923,0,0
0.0020992128444336111831,1.2923086652831408117,0.41875160765157998233,0.62542550933741336561,7.0303746211680628875,1.2116906417498765069,2.8644958875003552201,0.61732903405068162428,1229,1229,-0.00028165944968350231647,0,0
0.002110356741418672414,1.2902925189134120121,0.41971344142010891254,0.62625389669522590896,7.0364822868675629408,1.2126525153655980382,2.864558909090244132,0.61820990952897802995,1230,1230,-0.00026885676197707653046,0,0
0.0021215183140411942794,1.2882511768445450429,0.4206881370039817214,0.6270803158983990766,7.0420935550463878982,1.2136231688405612061,2.8644930756823807627,0.61915182626690024037,1231,1231,-0.0002560540451668202877,0,0
0.0021326974314059021255,1.2862509686551815147,0.42164849445846164233,0.6279047719616253076,7.0482330252633644818,1.2145841412203388643,2.864561751283789981,0.62002468885971895318,1232,1232,-0.00024325134290847927332,0,0
0.0021438940102840990144,1.2842228921505356443,0.4226224110376203269,0.62872727337114098223,7.0538374035511557381,1.2155534052579108906,2.8644900571554594571,0.62096305478529001398,1233,1233,-0.00023044864065013825893,0,0
0.0021551079190663172645,1.282238330246393998,0.42358136599895790386,0.62954782500212835838,7.0600107070694635425,1.2165135984852133433,2.8645648137147263768,0.62182785147985997209,1234,1234,-0.00021764593839179724455,0,0
0.0021663390774775588554,1.2802230918124433146,0.42455460121653476602,0.63036643544228165847,7.0656072079615830361,1.2174815209328202492,2.8644868158362859489,0.62276291784193049672,1235,1235,-0.00020484323613345623016,0,0
0.0021775873530025667731,1.2782538951829027773,0.42551222742746558358,0.63118310941396316149,7.0718165045322534112,1.218441060434827472,2.8645681131597697799,0.62361958262573868872,1236,1236,-0.00019204053387511521578,0,0
0.0021888526684156720155,1.2762510800104596154,0.42648487466862267103,0.63199785561023913427,7.0774039906070873585,1.2194076813311442997,2.8644833340553703671,0.62455160686545763138,1237,1237,-0.00017923783161677420139,0,0
0.0022001348900964343494,1.2742969749549004632,0.42744124756964335665,0.63281067858723583086,7.0836515957303021196,1.2203666979184675245,2.864571668167212426,0.62540006112183121889,1238,1238,-0.00016643512935843318701,0,0
0.002211433943976325988,1.272306184198333856,0.42841339399593375559,0.63362158714823479944,7.0892287517948409103,1.2213320472499238356,2.8644795922057699755,0.62632930656084306875,1239,1239,-0.00015363242710009217262,0,0
0.0022227496951224647893,1.2703668987443428318,0.4293685935641749496,0.63443058566959376066,7.0955171717926264208,1.2222906802500332901,2.8645754994888958933,0.62716946007582685674,1240,1240,-0.00014082972484175115824,0,0
0.002234082072743000507,1.2683877554474449756,0.43034031677165213159,0.63523768307051087234,7.1010824639823688642,1.2232547742964523518,2.8644755682228106863,0.62809619478271760951,1241,1241,-0.00012802702258341014385,0,0
0.002245430940377937494,1.2664630104367664565,0.43129443211987533724,0.63604288353395233013,7.1074144476303793283,1.2242131764870736177,2.8645796307314630447,0.62892794780483352035,1242,1242,-0.00011522432032506912947,0,0
0.0022567962306422693214,1.2644951698099990978,0.43226579452044433527,0.63684619610148152091,7.1129660613917984335,1.2251760118448646875,2.8644712367901474792,0.62985244206883361784,1243,1243,-0.00010242161806672811508,0,0
0.0022681778053282378171,1.2625846644472273894,0.43321893142201151061,0.63764762474905589684,7.1193446785403358135,1.2261343573671079632,2.864584089364896613,0.63067568916152205727,1244,1244,-8.9618915808387100697e-05,0,0
0.0022795756005959981125,1.2606278313419512216,0.4341899708386566803,0.63844717864759370496,7.1248804220232289097,1.2270959011234687797,2.8644665680978516065,0.63159821061535936781,1245,1245,-7.6816213550046086311e-05,0,0
0.0022909894762665663354,1.2587312195164230832,0.43514226413860190856,0.63924486155264725884,7.1313091866828051124,1.2280543983568514843,2.8645889083200501979,0.63241284754592486106,1246,1246,-6.4013511291705071926e-05,0,0
0.0023024193721871231283,1.256785177870890724,0.4361129780707777015,0.64004068277167536216,7.1368263369072320046,1.2290145718439347,2.8644615258611456632,0.63333365232367822006,1247,1247,-5.1210809033364057541e-05,0,0
0.0023138651459871481704,1.2549020290446095682,0.43706461229622356468,0.64083464582704974255,7.1433094042587814698,1.2299734845918726123,2.8645941285648612862,0.63413958808914416831,1248,1248,-3.8408106775023043156e-05,0,0
0.0023253267413378838312,1.2529666913569006415,0.43803493154483130745,0.64162676016955988434,7.148804457790898681,1.23093213636621579,2.8644560641092366993,0.63505890528707198417,1249,1249,-2.560540451668202877e-05,0,0
0.0023368040134710919148,1.2510964255162206893,0.43898617534698280984,0.64241702907697617597,7.1553469450975688559,1.2318918190418171044,2.8645998033199231436,0.63585608284135797241,1250,1250,-1.2802702258341014385e-05,0,0
0.0023482969099994049737,1.2491719160098222474,0.43995591965273717072,0.64320546214879326108,7.1608152081472020711,1.2328486796707351925,2.8644501219145190873,0.63677408763408105408,1251,1251,0,0,0
0.0023598052835841561332,1.2473136948053478168,0.44090718371165071865,0.64399206240939455004,7.1674237248878824857,1.2338096362091002245,2.8646060050416872755,0.63756251939838981535,1252,1252,1.2802702258341014385e-05,0,0
0.0023713290858511895838,1.2454004896057710994,0.44187598681423967406,0.64477683960921383655,7.172858631438669974,1.2347642421522977418,2.8644436146513601038,0.63847928686102861651,1253,1253,2.560540451668202877e-05,0,0
0.0023828681667859134309,1.2435530330683097766,0.44282792177671836953,0.64555979651530981389,7.1795421652544924029,1.2357272253781106386,2.8646128371145560543,0.63925911545496216792,1254,1254,3.8408106775023043156e-05,0,0
0.0023944224820088622942,1.2416521974138137185,0.44379510418181455922,0.64634094302519451425,7.1849341314368695421,1.2366787900528788402,2.8644364193754103809,0.6401745414175319393,1255,1255,5.1210809033364057541e-05,0,0
0.0024059918788497530739,1.2398134734837504833,0.44474876732512580446,0.64712028165332136087,7.1917055434279779647,1.2376449704627099369,2.8646204536213089042,0.64094614363454405215,1256,1256,6.4013511291705071926e-05,0,0
0.0024175763167374980482,1.2379270650779246044,0.44571311911539601702,0.6478978224292822885,7.1970400258910363078,1.2385921644951007892,2.8644283501966016914,0.64185980891012817118,1257,1257,7.6816213550046086311e-05,0,0
0.0024291756405932667974,1.2360937603863095813,0.44667025975847185482,0.64867356763483308146,7.2039185968346126643,1.239563418929462868,2.8646290931024731563,0.64262397426620776475,1258,1258,8.9618915808387100697e-05,0,0
0.0024407898131659833997,1.2342255189379707225,0.44762966772359885637,0.64944752739685485121,7.2091727760783239631,1.2405039933018680021,2.8644191165677206357,0.64353491107463645093,1259,1259,0.00010242161806672811508,0,0
0.0024524186776174695598,1.2323921307810707937,0.4485932192298634491,0.65021970381072735634,7.216188578390983821,1.2414834021295080291,2.8646391368089085816,0.64429314977446450197,1260,1260,0.00011522432032506912947,0,0
0.0024640621989928395037,1.2305486634972166993,0.44954402294376138993,0.6509901070311110427,7.2213256519596917826,1.2424135378925922346,2.8644082523778386928,0.64519943826174408485,1261,1261,0.00012802702258341014385,0,0
0.0024757202200497417134,1.2287059309288335118,0.45051895683399179049,0.65175873905908865424,7.2285271183352541868,1.2434062475771194833,2.8646512104494963324,0.64595451534790482295,1262,1262,0.00014082972484175115824,0,0
0.0024873927061617429578,1.2268987625962113341,0.4514548300051679508,0.65252560994694397412,7.233486414379166618,1.24431942681117369,2.8643949953118390539,0.64685258322324334923,1263,1263,0.00015363242710009217262,0,0
0.0024990795022721478888,1.2250309348040673285,0.45244965011701060442,0.65329072177272118349,7.2409535525313124538,1.245334158178306172,2.8646663646672108072,0.64760945119160884254,1264,1264,0.00016643512935843318701,0,0
0.0025107805704512285716,1.2232800737588054307,0.45335964573422082857,0.65405408425013267237,7.2456332929424682732,1.2462191919133585039,2.8643780823712492456,0.64849285159778757848,1265,1265,0.00017923783161677420139,0,0
0.0025224957625739536683,1.2213601121887280865,0.45438902509996692558,0.65481569984249832217,7.2535009776698871065,1.247270901074123195,2.8646864019805269308,0.64926029169735088864,1266,1266,0.00019204053387511521578,0,0
0.0025342250308284805863,1.2197002887552685912,0.45525413957877969295,0.6555755775023686116,7.2577280460415076746,1.2481084645400366551,2.8643554074367978401,0.65011755882437405329,1267,1267,0.00020484323613345623016,0,0
0.002545968242530066792,1.2176813482542179212,0.45634362468938399759,0.65633372062395844981,7.2662275498427657539,1.2492230890966442569,2.8647144875942838205,0.65091109855771089876,1268,1268,0.00021764593839179724455,0,0
0.0025577253281388449314,1.2161729920116741699,0.4571307239720384108,0.65709013664528304055,7.2697041602304546259,1.2499795989023341214,2.8643234631727030326,0.65172196298992868257,1269,1269,0.00023044864065013825893,0,0
0.0025694961854700851429,1.2139730638137007368,0.45832525573146942754,0.65784483084729028501,7.2792384075786689124,1.2512026543791570088,2.8647563458747393739,0.65256913544604455701,1270,1270,0.00024325134290847927332,0,0
0.0025812807018559640049,1.2127217573325121958,0.45897626186201967435,0.65859780780410592804,7.2814473765907914427,1.2518193713802099332,2.8642764816175954046,0.65329779521525499497,1271,1271,0.0002560540451668202877,0,0
0.0025930788319983417121,1.2101952741564871996,0.4603560057362208191,0.6593490763437502844,7.2927310258532846987,1.2532319243996794533,2.8648227870141083073,0.65424784447357808848,1272,1272,0.00026885676197707653046,0,0
0.0026048903809453996874,1.2093866994584794305,0.46076838585008250693,0.66009863572662430542,7.2927652678613457127,1.2536052957843917266,2.8642052620020441722,0.65483083536676744973,1273,1273,0.00028165944968350231647,0,0
0.0026167154058904349041,1.2062692641542385186,0.46247968917905230013,0.66084650117581700268,7.3071000236334917588,1.2553552206675862024,2.864935739058396269,0.65597350047275237994,1274,1274,0.00029446216649375855923,0,0
0.0026285535561855468897,1.2062389849493553307,0.46246692238197595337,0.66159266207832012618,7.3032966526397746776,1.2552962228210875484,2.8640884295818165306,0.65629699713124434179,1275,1275,0.00030726485420018434525,0,0
0.0026404050665489653058,1.2020104813197260984,0.46480013298348066275,0.66233714470557059073,7.323314021984178801,1.2576786081579531817,2.8651560671685647463,0.65780515085266999531,1276,1276,0.000320067571010440588,0,0
0.0026522693193241353438,1.2036258417942351517,0.46387801956974650253,0.66307992173355934096,7.3112292390647173335,1.256693470777099586,2.8638074280211234246,0.65758527002082867163,1277,1277,0.00033287025871686637402,0,0
0.0026641451342149270742,1.1861958795965816815,0.4736404870981233417,0.66382093118727747427,7.4015246068569835458,1.2666611470582778143,2.8694010982556688028,0.66323328709335416242,1278,1278,0.00034567297552712261677,0,0
0.0026760179789600893607,1.1474763379500740879,0.4962253896331141334,0.66455928299761601874,7.6150555826291181916,1.2896051756917492614,2.8817492918696823168,0.67537438795847826167,1279,1279,0.00035847566323354840279,0,0
0.0026878555495321865276,1.0912286507932940083,0.53128308579864591543,0.6652929992251507274,7.9450699174890422327,1.3248369004660836001,2.8963080727295658079,0.69305380063946975255,1280,1280,0.00037127838004380464554,0,0
0.0026996078320646169947,1.0237672201339131917,0.57719898507549882716,0.66601903564204889552,8.3729679212184731085,1.3705620996179923576,2.9073596190732562405,0.71447134372058329621,1281,1281,0.00038408106775023043156,0,0
0.0027112095447635008172,0.95270123246695659347,0.63070408079823891967,0.66673344866690131827,8.8684186282786328093,1.423646281322658691,2.9104878945767334031,0.73708595965355450108,1282,1282,0.00039688378456048667431,0,0
0.0027225860380549670933,0.88561423148219453605,0.68666145572087888826,0.66743177004374665273,9.3891568623668373306,1.479264339322259314,2.9045781888884598665,0.75797478462419776157,1283,1283,0.00040968647226691246033,0,0
0.0027336630463441298142,0.82880796574182791225,0.73862596925966961248,0.66810960850685319201,9.8850712164058318621,1.531171952338278297,2.8926420028762125369,0.77443229170273741868,1284,1284,0.00042248918907716870308,0,0
0.0027443784898130390952,0.78603688712362995705,0.78069610815707701779,0.66876336422403892534,10.311082783467325541,1.5733844204694931168,2.8804736810142066439,0.78472307602582114239,1285,1285,0.0004352918767835944891,0,0
0.0027546919712313567077,0.7571107481575308773,0.81055002914386620194,0.66939079040800564258,10.64915434446152176,1.6033598880177326595,2.8729493619636063961,0.78886627049681212753,1286,1286,0.00044809459359385073185,0,0
0.0027645868040973536721,0.73743234112777744649,0.83144112528371116877,0.6699910940772607626,10.923301644589161086,1.6242815996610660001,2.8703293306601000978,0.78888965035771363432,1287,1287,0.00046089728130027651787,0,0
0.0027740632471966062897,0.72156047952256707756,0.84863442301834035586,0.67056450593614358446,11.171082686354095515,1.6414734618690653978,2.8694210273053961657,0.78734316338086374198,1288,1288,0.00047369999811053276062,0,0
0.002783129168368089941,0.70745217651472758202,0.86419132541501819667,0.67111170405185383014,11.406480962139337265,1.6570280451672587674,2.8687233183931679648,0.78523004019954434352,1289,1289,0.00048650268581695854664,0,0
0.0027917952994495525212,0.6947729847007324544,0.87839067579080609693,0.67163352345069715632,11.630946320566025065,1.6712250308040959013,2.8681552228547326777,0.78272886339133607159,1290,1290,0.00049930537352338433266,0,0
0.0028000739288260492049,0.68329988055672352676,0.89141533020436436452,0.67213087659876147306,11.84533778489582545,1.6842473600664367162,2.867684133889897069,0.77995820680881100539,1291,1291,0.00051210809033364057541,0,0
0.0028079783350841583736,0.67286128834118108522,0.90340896177084795138,0.6726047195017875735,12.05031426838335129,1.6962387767842856956,2.867287323456421344,0.77700659377061775945,1292,1292,0.00052491080714389681816,0,0
0.0028155223773143112954,0.66332201734907536572,0.91448707826862951631,0.67305602766962802086,12.24640362062645238,1.7073148042278352143,2.8669496823263660445,0.77394070278511029048,1293,1293,0.00053771352395415306091,0,0
0.0028227201920818915416,0.65457213687716009343,0.9247458840857307738,0.67348577875413073723,12.434056234254994067,1.7175716531647180485,2.866660041411017712,0.77081163772664296197,1294,1294,0.0005505161825567483902,0,0
0.0028295859682690993608,0.64652069298841619016,0.9342668760678223272,0.6738949400087113073,12.613669513428796165,1.7270908168059759813,2.8664100364790021658,0.76765871840848876051,1295,1295,0.00056331889936700463295,0,0
0.0028361337803133553938,0.63909123309364490595,0.94312018222178095606,0.67428445931892011522,12.785604230976685969,1.7359424173786768275,2.8661931311564843305,0.76451227837804647258,1296,1296,0.0005761216161772608757,0,0
0.0028423774657674949831,0.63221875823173967479,0.95136677038966244169,0.67465525890503408313,12.950193788806883433,1.7441874149009097827,2.8660041485760086033,0.76139565486888527435,1297,1297,0.00058892433298751711845,0,0
0.002848330536792952148,0.62584744899277511276,0.95906012233972637304,0.67500823103785845269,13.107750471406470538,1.7518792832353646816,2.86583889548978199,0.75832670697863624465,1298,1298,0.00060172699159011244774,0,0
0.0028540061177040987155,0.61992898196260437516,0.9662474691489437717,0.67534423527252851471,13.258569329191686847,1.7590652454536039873,2.8656939417693116923,0.75531896384361341124,1299,1299,0.00061452970840036869049,0,0
0.0028594169025445903207,0.61442122225580986239,0.97297076903445389728,0.67566409682599537501,13.402930878442210982,1.7657872522468915921,2.8655664430540128684,0.75238252206960387625,1300,1300,0.00062733242521062493324,0,0
0.0028645751280436991884,0.60928720738793284983,0.97926747475664954745,0.67596860581221795972,13.541102886372550884,1.7720827492546291637,2.8654540240293138176,0.74952474518175782325,1301,1301,0.00064013514202088117599,0,0
0.0028694925583497999516,0.60449433398639318415,0.98517116126181047964,0.67625851711632711805,13.673341665212538132,1.7779853048809002303,2.8653546829971405785,0.74675081895715345048,1302,1302,0.00065293785883113741875,0,0
0.0028741804787349215476,0.6000137050954258422,0.99071203748512370879,0.67653455073971213718,13.799892984766190196,1.7835251220151151497,2.8652667243410481213,0.74406419167796988834,1303,1303,0.00066574051743373274803,0,0
0.0028786496960846808327,0.59581959574617127107,0.9959173749368626094,0.6767973924870605007,13.920992774783538692,1.7887294666580833002,2.8651887023493758377,0.74146692727840490811,1304,1304,0.00067854323424398899078,0,0
0.0028829105444669453004,0.59188901410057959129,1.0008118661508633718,0.67704769489628036094,14.036867660919270406,1.7936230262974648397,2.865119379494957208,0.73895998824707609387,1305,1305,0.00069134595105424523354,0,0
0.0028869728944482765318,0.58820133572831134749,1.0054179300298595745,0.67728607833543097438,14.14773540937971319,1.7982282152471356085,2.8650576912039644739,0.73654346409753668201,1306,1306,0.00070414866786450147629,0,0
0.002890846165119887682,0.58473799803906045813,1.0097559717668340706,0.67751313220865538867,14.253805296700955196,1.8025654345088053532,2.8650027188113496024,0.73421675559031085445,1307,1307,0.00071695132646709680557,0,0
0.0028945393380253045881,0.58148224203641296626,1.0138446071031448348,0.67772941622701565745,14.355278439546390601,1.8066532960097057003,2.8649536664308841161,0.73197872414269460339,1308,1308,0.00072975404327735304832,0,0
0.0028980609723622337455,0.57841889358431508583,1.0177008557072817485,0.67793546171087126773,14.452348089605802528,1.8105088159342686005,2.8649098427830401725,0.72982781275305586011,1309,1309,0.00074255676008760929108,0,0
0.0029014192209735516562,0.57553417640879700468,1.0213403096766033862,0.67813177289880777199,14.545199910578391567,1.8141475832025799608,2.8648706454835548563,0.72776214428146634994,1310,1310,0.00075535947689786553383,0,0
0.0029046218467538827482,0.57281555193970845608,1.0247772802847290308,0.6783188282445825612,14.634012237742670237,1.817583906181387432,2.8648355484937253479,0.72577960110066241928,1311,1311,0.00076816213550046086311,0,0
0.0029076762391864290069,0.57025158105949880216,1.0280249268703827159,0.67849708168857425505,14.718956328751309215,1.8208309415509773554,2.8648040911649004236,0.72387788983087097971,1312,1312,0.00078096485231071710587,0,0
0.0029105894307938518645,0.56783180458687476655,1.0310953699808349526,0.67866696389409264523,14.800196604478937701,1.8239008074208427068,2.8647758693834641797,0.72205459374640001968,1313,1313,0.00079376756912097334862,0,0
0.0029133681133415366242,0.56554663924885706372,1.0339997914058609574,0.67882888344189540319,14.877890884537784189,1.8268046833442435073,2.8647505277708051885,0.72030721526271734856,1314,1314,0.00080657028593122959137,0,0
0.0029160186536742994066,0.56338728702933182912,1.0367485225724188957,0.67898322797855026334,14.952190615841372434,1.8295528986918758729,2.8647277533261381599,0.71863321019364223563,1315,1315,0.00081937294453382492065,0,0
0.0029185471091011435524,0.56134565569107774952,1.0393511231424557018,0.67913036531603099277,15.023241096839830888,1.8321550112329811899,2.864707269777289067,0.71703001536635269098,1316,1316,0.00083217566134408116341,0,0
0.0029209592422688728137,0.5594142890337201468,1.0418164508589904393,0.67927064448127050245,15.091181695850561795,1.834619876965679186,2.8646888329510842297,0.71549507070848838985,1317,1317,0.00084497837815433740616,0,0
0.0029232605354858080468,0.55758630535316910937,1.0441527239621144485,0.67940439671538954691,15.156146065101255616,1.8369557125186875002,2.8646722266222437447,0.71402583686782772343,1318,1318,0.00085778109496459364891,0,0
0.0029254562044726348941,0.55585534310605155817,1.0463675769306053365,0.67953193642306464195,15.218262349122914756,1.8391701508812712262,2.8646572591010985853,0.71261980910525102306,1319,1319,0.0008705837535671889782,0,0
0.0029275512115296774794,0.55421551268582480709,1.0484681105174866733,0.67965356207304250535,15.277653388588490202,1.8412702914265339782,2.8646437601447374277,0.71127452817730985046,1320,1320,0.00088338647037744522095,0,0
0.0029295502781191409478,0.55266135360939205867,1.0504609366335471154,0.67976955705119490592,15.334436918486833434,1.8432627447864546877,2.8646315784160321094,0.70998758870370393126,1321,1321,0.0008961891871877014637,0,0
0.0029314578968679641698,0.55118779631938286112,1.0523522188008282985,0.67988019046777725674,15.388725761447389573,1.8451536732947357855,2.8646205791594656631,0.70875664550821626531,1322,1322,0.00090899190399795770645,0,0
0.0029332783430021584607,0.54979012810268634848,1.054147708586926413,0.67998571792072803888,15.440628015340454482,1.8469488274150978047,2.8646106422922579249,0.70757941826564585419,1323,1323,0.00092179456260055303574,0,0
0.0029350156852273254215,0.54846396253666107601,1.0558527785666373955,0.68008638221695261183,15.490247235811755999,1.8486535786935769377,2.8646016606377031621,0.70645369479074449082,1324,1324,0.00093459727941080927849,0,0
0.0029366737960728086891,0.54720521210405204116,1.0574724521184259984,0.68018241405358403906,15.537682613075656235,1.8502729495509333546,2.8645935384803249413,0.70537733319279294353,1325,1325,0.00094739999622106552124,0,0
0.0029382563617187328585,0.54601006353323022768,1.0590114304749587149,0.68027403266122454806,15.583029143532254324,1.851811640324855901,2.8645861902104772234,0.7043482631286185347,1326,1326,0.00096020271303132176399,0,0
0.0029397668913264027833,0.54487495560398879757,1.0604741172596738874,0.68036144641115037235,15.626377795694191164,1.8532740538039977896,2.8645795392235591237,0.70336448630438563878,1327,1327,0.00097300537163391709328,0,0
0.0029412087258931466499,0.54379655907950663618,1.0618646408347429677,0.68044485338842153332,15.667815670928330718,1.854664317568412546,2.8645735168710420027,0.70242407638839277073,1328,1328,0.00098580808844417333603,0,0
0.0029425850466529247448,0.54277175857578741081,1.0631868746365946699,0.68052444193277783491,15.707426158624722135,1.8559863043237547764,2.8645680616172617405,0.70152517843561590372,1329,1329,0.00099861074704676866531,0,0
0.0029438988830439742281,0.54179763610472131408,1.0644444557542172003,0.68060039114913783997,15.745289086255359834,1.8572436504726788087,2.8645631182208366461,0.70066600793760569488,1330,1330,0.0010114135220646858215,0,0
0.0029451531202644163146,0.54087145615361886808,1.0656408018848448904,0.68067287138943421976,15.781480864034367784,1.8584397730701860407,2.8645586370859357217,0.69984484956476489259,1331,1331,0.0010242161806672811508,0,0
0.0029463505064363133823,0.53999065209304708546,1.0667791268690314244,0.68074204470744770212,15.816074624605860777,1.8595778853522690888,2.8645545736183235519,0.69906005568087037361,1332,1332,0.001037018955685198307,0,0
0.0029474936593980281818,0.53915281381355573131,1.0678624549086019879,0.6808080652882124717,15.849140357550211888,1.8606610109543135767,2.8645508877246057544,0.69831004467385504597,1333,1333,0.0010498216142877936363,0,0
0.0029485850731440625162,0.5383556764246307802,1.0688936336287817586,0.68087107985348649386,15.880745039102933447,1.8616919969671752444,2.8645475433015952227,0.69759329915918011356,1334,1334,0.0010626242728903889656,0,0
0.0029496271239307968529,0.53759710994450005117,1.0698753460643066759,0.68093122804469885523,15.910952756936609376,1.8626735259243805132,2.8645445078489926161,0.69690836408406142688,1335,1335,0.0010754270479083061218,0,0
0.0029506220760657795102,0.53687510984533104441,1.0708101216994878602,0.68098864278470683242,15.939824830372680609,1.8636081268364319552,2.8645417520612999063,0.69625384477236418324,1336,1336,0.0010882297065109014511,0,0
0.002951572087397402646,0.53618778840340874936,1.0717003466239960474,0.68104345061961568675,15.967419925918870049,1.8644981853482109901,2.8645392495279278222,0.69562840492769772993,1337,1337,0.0011010323651134967804,0,0
0.0029524792145210160092,0.53553336674266260875,1.0725482729098039236,0.68109577204184512667,15.993794168472762252,1.8653459531103853131,2.8645369764044836813,0.69503076462282420422,1338,1338,0.0011138351401314139366,0,0
0.0029533454177167180014,0.53491016753688780394,1.0733560272573146044,0.68114572179554977449,16.01900124812265247,1.8661535564275937293,2.8645349111807347775,0.6944596982856315881,1339,1339,0.0011266377987340092659,0,0
0.0029541725656333055194,0.5343166082773533887,1.0741256189968060308,0.68119340916543758002,16.043092522861169158,1.8669230042545292836,2.8645330344136752387,0.69391403270148799276,1340,1340,0.0011394405737519264221,0,0
0.0029549624397320894964,0.53375119508312585115,1.0748589474826426571,0.68123893824996517576,16.066117117169763873,1.867656195592574786,2.8645313285484408361,0.69339264503729902689,1341,1341,0.0011522432323545217514,0,0
0.0029557167385035666186,0.53321251697498905919,1.0755578089510962059,0.68128240821982788411,16.088122016765982636,1.8683549263423957498,2.8645297776996647698,0.69289446090119244381,1342,1342,0.0011650458909571170807,0,0
0.0029564370814692221209,0.53269924059952422635,1.0762239028709672528,0.68132391356260546544,16.109152159491614498,1.8690208956572929022,2.864528367513982321,0.6924184524398139251,1343,1343,0.0011778486659750342369,0,0
0.0029571250129800750323,0.53221010533526080799,1.0768588378457395471,0.68136354431437196055,16.129250522612029073,1.8696557118402337139,2.864527084989377137,0.69196363648299386018,1344,1344,0.0011906513245776295662,0,0
0.0029577820058229271558,0.53174391877457316546,1.0774641370900475135,0.68140138627902557822,16.148458206519858749,1.8702608978233121739,2.8645259183704090411,0.69152907273556307732,1345,1345,0.0012034539831802248955,0,0
0.0029584094646446742506,0.53129955252200133931,1.0780412435293387219,0.68143752123605061399,16.166814515091679993,1.8708378962623668507,2.8645248569975838571,0.69111386202308344728,1346,1346,0.0012162567581981420517,0,0
0.0029590087292044381026,0.53087593830812396245,1.0785915245406039187,0.68147202713737298208,16.184357032703449164,1.8713880742809221314,2.8645238912284982646,0.69071714458984967422,1347,1347,0.001229059416800737381,0,0
0.0029595810774627620901,0.53047206436661242801,1.0791162763751240838,0.68150497829393885674,16.201121698133412963,1.8719127278879612586,2.8645230123110603238,0.69033809845380023074,1348,1348,0.0012418621918186545372,0,0
0.0029601277285165508019,0.53008697207788890715,1.0796167282771627072,0.6815364455525958487,16.217142875365382793,1.8724130861000096715,2.8645222123251583568,0.68997593781583399508,1349,1349,0.0012546648504212498665,0,0
0.0029606498453879732599,0.52971975283256411693,1.0800940463331401009,0.68156649646383005159,16.232453421504615676,1.8728903147853905864,2.8645214840749253504,0.68962991152659713912,1350,1350,0.0012674675090238451958,0,0
0.0029611485376750735533,0.52936954512141842777,1.08054933706216727,0.68159519544087021625,16.247084751823880566,1.8733455202583124688,2.8645208210468200427,0.68929930160778118964,1351,1351,0.001280270284041762352,0,0
0.002961624864071391635,0.52903553180957585411,1.0809836507771612979,0.68162260391064566356,16.261066902135180356,1.8737797526350967736,2.8645202173170223325,0.6889834218298838131,1352,1352,0.0012930729426443576813,0,0
0.0029620798347614906744,0.5287169376042991642,1.0813979847250363431,0.68164878045704768716,16.274428588509202598,1.8741940089780695367,2.8645196675227477812,0.68868161634321067854,1353,1353,0.0013058757176622748375,0,0
0.0029625144136988957461,0.52841302667761480549,1.0817932860308601128,0.68167378095692277018,16.287197264521481088,1.874589236234850409,2.8645191667816973791,0.68839325836334419595,1354,1354,0.0013186783762648701668,0,0
0.0029629295207725795704,0.52812310045536503544,1.0821704544525447833,0.68169765870919718509,16.299399176051078797,1.8749663339968842823,2.8645187106740741534,0.68811774890770671664,1355,1355,0.0013314810348674654961,0,0
0.0029633260338677940536,0.52784649553676510347,1.0825303449673535638,0.68172046455750645588,16.311059413794826156,1.8753261570810775272,2.8645182951717056419,0.6878545155839507208,1356,1356,0.0013442838098853826523,0,0
0.0029637047908267159096,0.52758258175778571797,1.0828737701953508044,0.68174224700668584198,16.322201963525259316,1.8756695179572175913,2.8645179166286252048,0.68760301142683766251,1357,1357,0.0013570864684879779816,0,0
0.0029640665913140675988,0.52733076036481862925,1.0832015026779959754,0.6817630523334511361,16.332849754241848927,1.8759971890216959878,2.8645175717180824115,0.68736271378390212394,1358,1358,0.0013698891270905733109,0,0
0.0029644121985926037699,0.52709046231327671972,1.0835142770159251757,0.68178292469158374711,16.343024704244534462,1.8763099047393676511,2.8645172574300490353,0.68713312324671793618,1359,1359,0.0013826919021084904671,0,0
0.0029647423412130541505,0.52686114665957217706,1.0838127918815261275,0.68180190621191250067,16.352747765265540636,1.8766083636512544963,2.8645169710145372832,0.68691376262779935136,1360,1360,0.0013954945607110857964,0,0
0.0029650577146228969914,0.52664229906219695021,1.0840977119094741266,0.68182003709736938024,16.362038964689986642,1.8768932302692444836,2.8645167099846799985,0.68670417598007449378,1361,1361,0.0014082973357290029526,0,0
0.0029653589826980639513,0.52643343036200684892,1.0843696694786875145,0.68183735571337977799,16.370917445989707772,1.8771651368531971915,2.8645164720653855106,0.68650392765876877554,1362,1362,0.0014210999943315982819,0,0
0.0029656467792014773802,0.5262340752582166381,1.0846292663881835772,0.68185389867383161544,16.379401507398682725,1.877424685091015677,2.8645162552007157331,0.6863126014229113947,1363,1363,0.0014339026529341936111,0,0
0.0029659217091720950152,0.52604379105168586062,1.0848770754384347015,0.68186970092285548173,16.387508638946144401,1.877672447675169165,2.8645160575068819853,0.68612979957604569581,1364,1364,0.0014467054279521107674,0,0
0.0029661843502479445442,0.52586215647260692307,1.0851136419202092043,0.68188479581263183871,16.395255557874193642,1.877908969795817784,2.8645158772833312355,0.68595514214363129124,1365,1365,0.0014595080865547060966,0,0
0.0029664352539264435792,0.52568877056532592462,1.0853394850209521216,0.68189921517743434798,16.402658242545658851,1.8781347705423601102,2.8645157129690708153,0.68578826608665277575,1366,1366,0.0014723107451573014259,0,0
0.0029666749467651219035,0.5255232516480380367,1.0855550991501592417,0.68191298940409827978,16.409731964868438325,1.878350344233140623,2.8645155631568166577,0.68562882454904605645,1367,1367,0.0014851135201752185822,0,0
0.0029669039315256963245,0.52536523632094744851,1.0857609551926685754,0.6819261474991020755,16.416491321334259368,1.8785561616639252502,2.8645154265521406423,0.68547648613847234067,1368,1368,0.0014979161787778139114,0,0
0.002967122688264290601,0.52521437854113872667,1.085957501690842042,0.68193871715243015164,16.422950262695398038,1.8787526712944608853,2.8645153019900071456,0.68533093423822477597,1369,1369,0.0015107189537957310677,0,0
0.0029673316753704545752,0.52507034873859637081,1.0861451659634360212,0.68195072479838403368,16.429122122369030023,1.8789403003625271271,2.8645151883962500783,0.68519186634976647632,1370,1370,0.0015235216123983263969,0,0
0.0029675313305574878807,0.52493283299189741342,1.0863243551619812255,0.68196219567349336543,16.435019643593506089,1.8791194559447406132,2.8645150848060931814,0.68505899346386367466,1371,1371,0.0015363242710009217262,0,0
0.0029677220718064408964,0.52480153223877423763,1.0864954572714298209,0.68197315387167434242,16.440655005416726198,1.879290525952396429,2.864514990327543309,0.68493203945983227587,1372,1372,0.0015491270460188388824,0,0
0.0029679042982660537239,0.52467616154033669407,1.0866588420556586581,0.68198362239677090546,16.446039847539996259,1.8794538800814153401,2.864514904161467701,0.6848107405310104312,1373,1373,0.0015619297046214342117,0,0
0.0029680783911107682001,0.5245564493747608692,1.0868148619538344768,0.68199362321261325359,16.451185294091601463,1.8796098707039232689,2.8645148255666286197,0.68469484463597951596,1374,1374,0.001574732363224029541,0,0
0.0029682447143588356307,0.52444213697944574992,1.0869638529280056805,0.68200317729071169293,16.456101976350968386,1.8797588337203099407,2.8645147538810440402,0.68458411097382565469,1375,1375,0.0015875351382419466972,0,0
0.0029684036156524518622,0.52433297771796749664,1.0871061352672541922,0.68201230465570761297,16.460800054491894429,1.8799010893585996751,2.864514688488281724,0.6844783094829749448,1376,1376,0.0016003377968445420265,0,0
0.0029685554270017363784,0.52422873649102563753,1.0872420143486309918,0.68202102442868872689,16.465289238364878344,1.8800369429398897658,2.864514628839961663,0.6843772203620180905,1377,1377,0.0016131405718624591827,0,0
0.0029687004654942918819,0.52412918916815876003,1.0873717813595458193,0.68202935486847449109,16.469578807379754437,1.880166685595951348,2.8645145744230950946,0.68428063361210600402,1378,1378,0.001625943230465054512,0,0
0.0029688390339719884434,0.52403412205952859537,1.0874957139818521856,0.68203731341097129093,16.473677629508891584,1.8802905949578470057,2.8645145247834089552,0.68418834859948207683,1379,1379,0.0016387458890676498413,0,0
0.0029689714216765330373,0.52394333140500071178,1.0876140770416411474,0.68204491670669076253,16.477594179466834134,1.8804089358009448141,2.8645144794936707733,0.68410017363767849918,1380,1380,0.0016515486640855669975,0,0
0.0029690979048653106873,0.52385662289989454177,1.087727123124966111,0.68205218065652084558,16.481336556083455491,1.8805219606651906172,2.8645144381776606046,0.68401592558818402612,1381,1381,0.0016643513226881623268,0,0
0.0029692187473989014798,0.52377381123496724591,1.0878350931630587084,0.68205912044583316689,16.48491249892424193,1.8806299104355475027,2.8645144004792348902,0.68393542947903529505,1382,1382,0.0016771539812907576561,0,0
0.0029693342013016191597,0.52369471967014802338,1.0879382169871327779,0.68206575057700880027,16.488329404171313541,1.8807330149013707921,2.8645143660869516467,0.68385851814030607088,1383,1383,0.0016899567563086748123,0,0
0.0029694445072963359181,0.52361917961977322289,1.0880367138560564921,0.68207208490045612148,16.491594339816384007,1.8808314932792991048,2.8645143347036285952,0.68378503185596584135,1384,1384,0.0017027594149112701416,0,0
0.0029695498953148120186,0.52354703026906157515,1.0881307929567936021,0.68207813664419503219,16.494714060176367099,1.8809255547183008073,2.8645143060716136141,0.68371481803116662679,1385,1385,0.0017155621899291872978,0,0
0.002969650584984676045,0.52347811819968026459,1.0882206538806504792,0.68208391844207494348,16.497695019779367698,1.8810153987711166756,2.8645142799426355218,0.68364773087449659528,1386,1386,0.0017283648485317826271,0,0
0.0029697467860941486467,0.52341229704434544256,1.0883064870751470998,0.68208944236069124489,16.500543386631420617,1.8811012158507791625,2.8645142561036829321,0.68358363109429620685,1387,1387,0.0017411675071343779564,0,0
0.002969838699035555387,0.52334942714842580536,1.0883884742742218066,0.6820947199250642079,16.503265054906513853,1.8811831876559896859,2.8645142343471619029,0.68352238560864986283,1388,1388,0.0017539702821522951126,0,0
0.0029699265152286135824,0.52328937525856111801,1.0884667889066792501,0.68209976214313572385,16.505865657070980745,1.8812614875842519346,2.8645142144970985321,0.68346386726823693536,1389,1389,0.0017667729407548904419,0,0
0.0029700104175244385583,0.52323201421653486864,1.088541596485097962,0.68210457952914260726,16.508350575479070699,1.881336281115935094,2.8645141963796572071,0.6834079545916373899,1390,1390,0.0017795755993574857712,0,0
0.0029700905805911635704,0.52317722267836030969,1.0886130549753103569,0.68210918212591853393,16.510724953452463382,1.8814077261884623038,2.8645141798496558394,0.68335453151238378933,1391,1391,0.0017923783743754029274,0,0
0.0029701671712820281769,0.52312488483701535813,1.0886813151483325512,0.68211357952617357459,16.512993705875718575,1.8814759735433959076,2.8645141647613208136,0.68330348713738753297,1392,1392,0.0018051810329779982567,0,0
0.0029702403489867490807,0.52307489016887087629,1.088746520914797955,0.68211778089280239445,16.515161529319044575,1.8815411670655897147,2.8645141509950438063,0.68325471551609251453,1393,1393,0.0018179838079959154129,0,0
0.0029703102659669397556,0.52302713318232774142,1.0888088096436547847,0.68212179497826297414,16.517232911719474941,1.8816034440970430541,2.8645141384283854258,0.68320811541998760497,1394,1394,0.0018307864665985107422,0,0
0.0029703770676763243536,0.52298151318875896187,1.0888683124651441503,0.6821256301430724811,16.519212141629498802,1.8816629357446106319,2.8645141269629865732,0.68316359013193728167,1395,1395,0.0018435891252011060715,0,0
0.0029704408930664419515,0.52293793407443878163,1.0889251545595601822,0.68212929437345948269,16.521103317061584193,1.8817197671639176448,2.8645141164957923507,0.6831210472449411597,1396,1396,0.0018563919002190232277,0,0
0.0029705018748785085719,0.52289630409354093121,1.0889794554318852349,0.68213279529821224667,16.522910353937540151,1.8817740578387351924,2.8645141069461432792,0.68308039846986490229,1397,1397,0.001869194558821618557,0,0
0.0029705601399220762232,0.52285653566097312073,1.0890313291736557488,0.68213614020476132094,16.524636994168787396,1.88182592183800379,2.8645140982270773655,0.68304155945178368636,1398,1398,0.0018819973338395357132,0,0
0.0029706158093410952453,0.52281854516525061438,1.0890808847120292402,0.68213933605453058728,16.526286813374650109,1.8818754680696543335,2.8645140902726331511,0.68300444959450490323,1399,1399,0.0018947999924421310425,0,0
0.0029706689988679528536,0.52278225278018986,1.0891282260473393873,0.6821423894975916502,16.527863228263754536,1.8819228005133095127,2.864514083009280121,0.68296899189293092114,1400,1400,0.0019076026510447263718,0,0
0.0029707198190660447264,0.52274758229563589307,1.0891734524791818473,0.68214530688665298008,16.529369503684819165,1.8819680184511435872,2.864514076383270158,0.68293511277292939798,1401,1401,0.001920405426062643528,0,0
0.0029707683755614004879,0.52271446094617635136,1.0892166588220142387,0.68214809429041567412,16.530808759368774474,1.8820112166786235885,2.8645140703322145015,0.682902741938327007,1402,1402,0.0019332080846652388573,0,0
0.0029708147692638631199,0.5226828192580051935,1.0892579356104259425,0.68215075750632370166,16.532183976369584144,1.8820524857145586317,2.8645140648125644312,0.68287181222474013786,1403,1403,0.0019460107432678341866,0,0
0.0029708590965783023864,0.52265259089295901251,1.0892973692949721176,0.68215330207273738861,16.533498003222121042,1.8820919119920811458,2.8645140597711873376,0.68284225945996490648,1404,1404,0.0019588135182857513428,0,0
0.0029709014496063128677,0.52262371250996253469,1.0893350424286103451,0.68215573328055634228,16.534753561825482393,1.882129578049863694,2.8645140551729975087,0.68281402233053700712,1405,1405,0.0019716161768883466721,0,0
0.0029709419163388276798,0.52259612362292562349,1.0893710338446274122,0.6821580561843163526,16.535953253067173563,1.8821655627051956383,2.8645140509725992572,0.68278704225431585684,1406,1406,0.0019844188354909420013,0,0
0.0029709805808400728891,0.5225697664753304883,1.0894054188261057536,0.68216027561278680391,16.537099562197070668,1.8821999412282377495,2.8645140471419412442,0.68276126325869923583,1407,1407,0.0019972214940935373306,0,0
0.0029710175234232412238,0.5225445859106797597,1.0894382692676087832,0.68216239617908824844,16.53819486396357874,1.8822327854988554208,2.8645140436420404306,0.68273663186432653749,1408,1408,0.0020100243855267763138,0,0
0.0029710528208182693244,0.5225205292589877315,1.0894696538292611976,0.68216442229035378908,16.539241427522124894,1.8822641641654944689,2.8645140404507163367,0.68271309697391513449,1409,1409,0.0020228270441293716431,0,0
0.0029710865463320789218,0.52249754621855448722,1.0894996380837795869,0.68216635815695558787,16.54024142112625384,1.8822941427873585152,2.8645140375343500772,0.6826906097661111783,1410,1410,0.0020356297027319669724,0,0
0.0029711187700016184789,0.52247558875323774075,1.0895282846565939039,0.68216820780131548485,16.541196916609969492,1.8823227839793312821,2.8645140348756119586,0.6826691235940420821,1411,1411,0.0020484323613345623016,0,0
0.0029711495587400288225,0.52245461098451007054,1.0895556533595578408,0.68216997506631815718,16.542109893672101606,1.8823501475408288552,2.864514032445345304,0.68264859388840570809,1412,1412,0.0020612350199371576309,0,0
0.0029711789764762571581,0.52243456909846774927,1.0895818013184850326,0.68217166362334658025,16.542982243970364209,1.8823762905881562535,2.8645140302302976032,0.68262897806489020169,1413,1413,0.0020740379113703966141,0,0
0.0029712070842884004927,0.52241542124721052076,1.0896067830947433475,0.68217327697995522318,16.543815775033227311,1.8824012676712222891,2.8645140282050109981,0.68261023543570797933,1414,1414,0.0020868405699729919434,0,0
0.0029712339405310694666,0.5223971274646748153,1.0896306508013899883,0.68217481848719885296,16.544612213999592143,1.8824251308945212369,2.8645140263596013952,0.68259232712510309327,1415,1415,0.0020996432285755872726,0,0
0.0029712596009570445103,0.52237964957648175268,1.0896534542137572554,0.68217629134663115842,16.545373211190355534,1.8824479300228189604,2.8645140246717057941,0.68257521598858361678,1416,1416,0.0021124458871781826019,0,0
0.0029712841188334758631,0.52236295112377351124,1.0896752408752337082,0.68217769861699018019,16.546100343524226872,1.882469712591801736,2.8645140231342769432,0.68255886653581010481,1417,1417,0.0021252485457807779312,0,0
0.0029713075450528815893,0.52234699728069855507,1.0896960561979285309,0.68217904322058187105,16.546795117778973605,1.8824905240038312115,2.8645140217274831507,0.68254324485687678514,1418,1418,0.0021380514372140169144,0,0
0.0029713299282391665047,0.52233175478557503091,1.0897159435589449661,0.68218032794937877306,16.547458973710515551,1.8825104076290857247,2.8645140204466437162,0.68252831855190632115,1419,1419,0.0021508540958166122437,0,0
0.0029713513148489005371,0.52231719186528269283,1.0897349443920942846,0.68218155547084358137,16.548093287031424126,1.8825294048923788548,2.8645140192740772278,0.68251405666377262804,1420,1420,0.0021636567544192075729,0,0
0.0029713717492680594839,0.52230327817304966764,1.0897530982755569973,0.68218272833349247186,16.548699372258777629,1.8825475553656771943,2.8645140182070281121,0.68250042961384072004,1421,1421,0.0021764594130218029022,0,0
0.0029713912739044345997,0.52228998471915388802,1.0897704430154133703,0.68218384897220896157,16.549278485434467001,1.8825648968467441069,2.8645140172296055248,0.68248740914053307449,1422,1422,0.0021892620716243982315,0,0
0.0029714099292759122393,0.52227728381472293684,1.0897870147254935524,0.68218491971331829404,16.549831826725299067,1.8825814654438470797,2.8645140163406983547,0.68247496824068876187,1423,1423,0.0022020647302269935608,0,0
0.002971427754094797466,0.5222651490081465786,1.0898028479034866933,0.68218594277943633841,16.550360542907288419,1.8825972956469785302,2.8645140155258865811,0.68246308111348186198,1424,1424,0.0022148676216602325439,0,0
0.0029714447853483707054,0.52225355503435333393,1.0898179755036776495,0.68218692029409977451,16.55086572973973702,1.8826124204054544009,2.8645140147854157853,0.68245172310689050654,1425,1425,0.0022276702802628278732,0,0
0.0029714610583758426822,0.52224247775642285152,1.0898324290062975095,0.68218785428618933242,16.551348434233705831,1.8826268711923743737,2.8645140141060956296,0.68244087066650593876,1426,1426,0.0022404729388654232025,0,0
0.0029714766069418650611,0.52223189411982173791,1.0898462384838194517,0.68218874669415552336,16.551809656820175576,1.8826406780757847237,2.8645140134893063433,0.6824305012866609399,1427,1427,0.0022532755974680185318,0,0
0.0029714914633067581254,0.5222217820987689052,1.0898594326641217744,0.68218959937005418936,16.552250353420777884,1.8826538697769472641,2.8645140129229065273,0.68242059346370453898,1428,1428,0.0022660782560706138611,0,0
0.002971505658293601207,0.5222121206549484862,1.0898720389909730688,0.6821904140834027519,16.552671437428337242,1.8826664737356986201,2.8645140124091890144,0.68241112665139613824,1429,1429,0.0022788811475038528442,0,0
0.002971519221352321178,0.52220288968822303755,1.0898840836815311128,0.68219119252486226657,16.55307378159676901,1.882678516163049931,2.8645140119368721621,0.68240208121824363907,1430,1430,0.0022916838061064481735,0,0
0.0029715321806209208169,0.52219406999942619141,1.0898955917815305039,0.68219193630975671905,16.5534582198504161,1.8826900221012541348,2.8645140115090432786,0.68239343840678112763,1431,1431,0.0023044864647090435028,0,0
0.0029715445629839736842,0.52218564324499927576,1.0899065872176794123,0.68219264698143333714,16.553825549009147267,1.8827010154713057499,2.8645140111151414786,0.68238518029463401948,1432,1432,0.0023172891233116388321,0,0
0.0029715563941285021675,0.52217759190352286414,1.0899170928479655629,0.68219332601447335573,16.554176530440368964,1.8827115191281162954,2.8645140107588731304,0.68237728975734401882,1433,1433,0.0023300917819142341614,0,0
0.0029715676985973640302,0.52216989923392664874,1.0899271305094320184,0.68219397481775911896,16.554511891634533072,1.882721554903413308,2.8645140104303115081,0.68236975043281533626,1434,1434,0.0023428946733474731445,0,0
0.0029715784998402554502,0.52216254924541072313,1.0899367210640447112,0.68219459473740462485,16.554832327713238982,1.8827311436564573288,2.8645140101336989957,0.68236254668739093621,1435,1435,0.0023556973319500684738,0,0
0.0029715888202624328972,0.52215552665889586326,1.0899458844422662551,0.68219518705955395355,16.555138502867976058,1.8827403053127529375,2.8645140098595778255,0.68235566358339438953,1436,1436,0.0023684999905526638031,0,0
0.0029715986812712679062,0.52214881688006897775,1.0899546396848602825,0.68219575301305579451,16.555431051737038217,1.8827490589107043206,2.864514009612684653,0.68234908684815187563,1437,1437,0.0023813026491552591324,0,0
0.0029716081033207167143,0.52214240596375594006,1.0899630049826440903,0.68219629377201806975,16.555710580719029679,1.8827574226364931498,2.864514009383934301,0.68234280284437887065,1438,1438,0.0023941053077578544617,0,0
0.0029716171059538092764,0.52213628058980987579,1.0899709977146114781,0.68219681045824809296,16.555977669230586002,1.882765413867069304,2.8645140091784653258,0.68233679854187756497,1439,1439,0.002406907966360449791,0,0
0.0029716257078432426614,0.52213042803017561955,1.0899786344841606578,0.68219730414358481507,16.5562328709048181,1.8827730492014893571,2.8645140089875344991,0.68233106149052180633,1440,1440,0.0024197108577936887741,0,0
0.0029716339268301620972,0.52212483612732341065,1.0899859311539272788,0.68219777585212537652,16.556476714740632872,1.882780344500634806,2.8645140088165796932,0.6823255797944193235,1441,1441,0.0024325135163962841034,0,0
0.0029716417799612124956,0.52211949326380568959,1.0899929028787389562,0.68219822656235407088,16.556709706196105714,1.8827873149152591914,2.8645140086571685423,0.68232034208722947,1442,1442,0.0024453161749988794327,0,0
0.0029716492835239376527,0.52211438834300039069,1.0899995641374622402,0.68219865720917460816,16.556932328238275431,1.8827939749227362576,2.8645140085149991549,0.68231533750860595688,1443,1443,0.002458118833601474762,0,0
0.0029716564530805999848,0.52210951076088940592,1.0900059287630539107,0.68219906868585267201,16.557145042341780083,1.8828003383521974001,2.864514008381837229,0.68231055568164400427,1444,1444,0.0024709214922040700912,0,0
0.0029716633035004932223,0.52210485038899034915,1.0900120099715582267,0.68219946184587176852,16.557348289446558454,1.8828064184184321039,2.8645140082636406653,0.68230598669137410006,1445,1445,0.0024837243836373090744,0,0
0.0029716698489908122474,0.5221003975481235404,1.0900178203895665163,0.68219983750470558626,16.557542490870130081,1.8828122277444319099,2.8645140081523767783,0.68230162106418135171,1446,1446,0.0024965270422399044037,0,0
0.0029716761031261494652,0.52209614299329409892,1.090023372080672015,0.68220019644151219662,16.557728049182017571,1.8828177783927491085,2.8645140080541589001,0.68229744974817263525,1447,1447,0.002509329700842499733,0,0
0.0029716820788766719168,0.52209207788933009731,1.090028676570506283,0.6822005394007517598,16.557905349036605713,1.8828230818856281914,2.8645140079611466355,0.68229346409438240695,1448,1448,0.0025221323594450950623,0,0
0.0029716877886350467897,0.52208819379752502421,1.0900337448708730115,0.68220086709373284339,16.558074757971315449,1.8828281492340237513,2.8645140078795798821,0.68228965583885525792,1449,1449,0.0025349350180476903915,0,0
0.002971693244242163464,0.52208448265297180413,1.0900385875026021854,0.68220118020008924109,16.558236627167438826,1.8828329909555714394,2.864514007801772344,0.68228601708547986782,1450,1450,0.0025477379094809293747,0,0
0.0029716984570117097736,0.52208093675282163382,1.0900432145175569243,0.68220147936919117715,16.558391292178392007,1.8828376171014631346,2.8645140077340784934,0.68228254028964385736,1451,1451,0.002560540568083524704,0,0
0.0029717034377536545239,0.52207754873516343253,1.0900476355194892442,0.68220176522149389431,16.558539073624661597,1.882842037272430602,2.8645140076689470376,0.68227921824255199912,1452,1452,0.0025733432266861200333,0,0
0.0029717081967966796352,0.52207431156874239964,1.0900518596841293206,0.68220203834982506841,16.55868027785883001,1.882846260643695091,2.8645140076128257078,0.68227604405630626339,1453,1453,0.0025861458852887153625,0,0
0.0029717127440096165539,0.52207121853325677563,1.0900558957782073843,0.68220229932061604572,16.558815197599759728,1.8828502959791253435,2.8645140075582582462,0.68227301114959670869,1454,1454,0.0025989485438913106918,0,0
0.0029717170888219263981,0.52206826321041954753,1.0900597521777852794,0.68220254867507745811,16.558944112539947469,1.8828541516544246015,2.8645140075117843104,0.68227011323407293908,1455,1455,0.002611751435324549675,0,0
0.0029717212402432646029,0.52206543946552896873,1.0900634368856159107,0.68220278693032254669,16.559067289924438882,1.8828578356696257234,2.8645140074660009333,0.68226734430128699316,1456,1456,0.0026245540939271450043,0,0
0.0029717252068821782031,0.52206274143977426938,1.0900669575478632023,0.68220301458044085852,16.559184985105531496,1.8828613556706734755,2.8645140074275623476,0.68226469861023886221,1457,1457,0.0026373567525297403336,0,0
0.0029717289969639665466,0.52206016353295303656,1.0900703214699540844,0.68220323209752309346,16.559297442071098772,1.8828647189604053036,2.8645140073891215415,0.68226217067547145767,1458,1458,0.0026501594111323356628,0,0
0.0029717326183477475038,0.52205770039690546636,1.0900735356318349556,0.68220343993264143112,16.559404893951118254,1.8828679325186734594,2.864514007357388703,0.6822597552556965983,1459,1459,0.0026629620697349309921,0,0
0.0029717360785427638682,0.52205534691929023072,1.0900766067024412198,0.68220363851678533784,16.559507563500176275,1.8828710030119433227,2.864514007325056788,0.68225744734292281812,1460,1460,0.0026757647283375263214,0,0
0.0029717393847239633418,0.52205309821805512271,1.0900795410536026075,0.68220382826175629543,16.559605663559768374,1.882873936812064608,2.8645140072989057067,0.6822552421520668986,1461,1461,0.0026885676197707653046,0,0
0.0029717425437468824624,0.52205094962617404342,1.0900823447732572724,0.68220400956102167367,16.559699397498597762,1.8828767400046133584,2.864514007271667495,0.68225313511104279662,1462,1462,0.0027013702783733606339,0,0
0.002971745562161870035,0.52204889668703946537,1.0900850236781640668,0.68220418279053207655,16.559788959635326933,1.8828794184064754358,2.8645140072501651396,0.68225112185126413067,1463,1463,0.0027141729369759559631,0,0
0.0029717484462276747871,0.52204693514010436228,1.0900875833259222603,0.68220434830950038574,16.559874535639856674,1.8828819775729843666,2.8645140072271724208,0.68224919819860008197,1464,1464,0.0027269755955785512924,0,0
0.0029717512019244306416,0.52204506091711055937,1.0900900290266088977,0.68220450646114838555,16.559956302919722759,1.8828844228144430151,2.8645140072095540695,0.68224736016470888256,1465,1465,0.0027397782541811466217,0,0
0.002971753834966060423,0.52204327012853868339,1.0900923658537327032,0.68220465757341741675,16.560034430986338094,1.8828867592021831801,2.8645140071901007417,0.68224560393877675679,1466,1466,0.0027525811456143856049,0,0
0.0029717563508121292229,0.52204155906062432724,1.0900945986548493671,0.68220480195964994241,16.560109081807617315,1.8828889915840725244,2.8645140071757113631,0.68224392587960747125,1467,1467,0.0027653838042169809341,0,0
0.0029717587546791686751,0.52203992416253075515,1.0900967320615762013,0.68220493991923902843,16.56018041014275255,1.882891124589636922,2.8645140071592125608,0.68224232250807503863,1468,1468,0.0027781864628195762634,0,0
0.0029717610515514977267,0.52203836204408282651,1.0900987704992626259,0.68220507173824962432,16.560248563863552818,1.8828931626446157033,2.8645140071475174715,0.68224079049991626089,1469,1469,0.0027909891214221715927,0,0
0.0029717632461915602891,0.52203686946360627896,1.0901007181961430703,0.68220519769001197741,16.560313684260748346,1.8828951099752266884,2.864514007133486917,0.68223932667881914682,1470,1470,0.002803791780024766922,0,0
0.0029717653431498049221,0.52203544332630247293,1.0901025791921710173,0.68220531803568862372,16.560375906336968654,1.8828969706218869895,2.8645140071240380308,0.68223792800986549079,1471,1471,0.0028165946714580059052,0,0
0.0029717673467741217291,0.52203408067272050186,1.0901043573473339077,0.68220543302481639891,16.560435359086138618,1.8828987484426318311,2.8645140071120422931,0.68223659159320682033,1472,1472,0.0028293973300606012344,0,0
0.0029717692612188594502,0.52203277867769404263,1.0901060563497877443,0.6822055428958235801,16.560492165762077832,1.8829004471261570064,2.8645140071044665753,0.68223531465807585317,1473,1473,0.0028421999886631965637,0,0
0.0029717710904534444354,0.52203153463939944157,1.0901076797233613114,0.6822056478765248233,16.560546444132057786,1.8829020701943948168,2.8645140070941810251,0.6822340945570228854,1474,1474,0.002855002647265791893,0,0
0.0029717728382706101731,0.52203034597881270429,1.0901092308350448512,0.68220574818459389643,16.560598306723061768,1.8829036210149361352,2.8645140070881649486,0.68223292876044550059,1475,1475,0.0028678053058683872223,0,0
0.0029717745082942659957,0.52202921022927650796,1.0901107129018257069,0.68220584402801465185,16.560647861053201524,1.882905102802932884,2.8645140070792991516,0.68223181485132156077,1476,1476,0.0028806079644709825516,0,0
0.0029717761039870101668,0.52202812503647411102,1.0901121289974884387,0.68220593560551257006,16.560695209855950338,1.8829065186328208803,2.8645140070745909178,0.68223075052021719955,1477,1477,0.0028934108559042215347,0,0
0.0029717776286573129377,0.52202708814842124774,1.0901134820589137853,0.68220602310696742965,16.560740451292065956,1.8829078714397002869,2.8645140070669037335,0.68222973356048877136,1478,1478,0.002906213514506816864,0,0
0.0029717790854663769448,0.52202609741592531645,1.0901147748922381808,0.68220610671380643719,16.560783679154141623,1.8829091640304098654,2.8645140070632857388,0.68222876186370318141,1479,1479,0.0029190161731094121933,0,0
0.0029717804774346944646,0.52202515078297795359,1.0901160101786262491,0.68220618659938114803,16.560824983059809767,1.8829103990843811811,2.8645140070565853208,0.68222783341528214773,1480,1480,0.0029318188317120075226,0,0
0.0029717818074483084642,0.52202424628763988146,1.090117190479881204,0.68220626292932629031,16.560864448638746182,1.8829115791641664046,2.8645140070538723798,0.68222694629030400382,1481,1481,0.0029446214903146028519,0,0
0.0029717830782648004331,0.52202338205281095806,1.0901183182437184094,0.68220633586190404518,16.560902157709005422,1.8829127067157884756,2.8645140070479966354,0.68222609864953198677,1482,1482,0.002957424381747841835,0,0
0.0029717842925190071646,0.52202255628748805982,1.0901193958089001601,0.68220640554833167357,16.560938188447838826,1.8829137840788039426,2.8645140070460350934,0.68222528873558574425,1483,1483,0.0029702270403504371643,0,0
0.0029717854527284873027,0.52202176727789517674,1.0901204254100300695,0.68220647213309570933,16.560972615552529419,1.882914813486163963,2.8645140070408472432,0.68222451486931012798,1484,1484,0.0029830296989530324936,0,0
0.0029717865612987372226,0.52202101338907891392,1.0901214091822428731,0.68220653575425083126,16.561005510396320517,1.8829157970738314987,2.8645140070394989884,0.68222377544628221013,1485,1485,0.0029958323575556278229,0,0
0.0029717876205281844315,0.52202029305637043244,1.0901223491655871456,0.68220659654370696678,16.561036941175530046,1.882916736880245745,2.8645140070349079942,0.68222306893348894086,1486,1486,0.0030086350161582231522,0,0
0.0029717886326129511199,0.52201960478725661918,1.0901232473093267483,0.68220665462750240682,16.561066973051634221,1.8829176348555278775,2.8645140070340677774,0.68222239386616179146,1487,1487,0.0030214379075914621353,0,0
0.0029717895996514082438,0.52201894715319396845,1.0901241054758905591,0.68220671012606504124,16.561095668285691573,1.8829184928605353644,2.8645140070299550672,0.68222174884470709877,1488,1488,0.0030342405661940574646,0,0
0.0029717905236485266454,0.52201831879172089224,1.0901249254448392989,0.68220676315446249216,16.56112308636795305,1.8829193126757146626,2.8645140070295553869,0.68222113253184668569,1489,1489,0.0030470432247966527939,0,0
0.002971791406520035185,0.52201771839854693713,1.0901257089164684277,0.68220681382264070081,16.561149284140725513,1.8829200959998209086,2.8645140070258285903,0.68222054364980733165,1490,1490,0.0030598458833992481232,0,0
0.0029717922500963941251,0.52201714472994165117,1.0901264575154139269,0.68220686223565152329,16.561174315916812105,1.8829208444584082383,2.8645140070258010567,0.68221998097769553926,1491,1491,0.0030726485420018434525,0,0
0.0029717930561265889708,0.52201659659504684452,1.0901271727939536582,0.68220690849387111143,16.561198233591305495,1.8829215596022390589,2.8645140070224015538,0.68221944334895645579,1492,1492,0.0030854512006044387817,0,0
0.0029717938262817564753,0.52201607285852780205,1.0901278562352776369,0.68220695269320763554,16.561221086749945641,1.8829222429154470753,2.8645140070226848827,0.68221892964895303191,1493,1493,0.0030982540920376777649,0,0
0.002971794562158652786,0.52201557243307794565,1.0901285092565442536,0.68220699492530023633,16.561242922771342023,1.8829228958137025352,2.8645140070195624915,0.68221843881266697185,1494,1494,0.0031110567506402730942,0,0
0.0029717952652829615623,0.52201509428230952192,1.0901291332118312472,0.68220703527770931718,16.561263786925746189,1.8829235196520517359,2.864514007020092734,0.68221796982247373542,1495,1495,0.0031238594092428684235,0,0
0.0029717959371124594119,0.52201463741347065017,1.0901297293949079315,0.68220707383409784352,16.561283722468004953,1.8829241157227953885,2.8645140070172092628,0.68221752170604654797,1496,1496,0.0031366620678454637527,0,0
0.0029717965790400369119,0.52201420088049099721,1.0901302990420027594,0.68220711067440475972,16.561302770728570266,1.8829246852631562614,2.864514007017937125,0.68221709353433834799,1497,1497,0.003149464726448059082,0,0
0.0029717971923965882247,0.52201378377694018784,1.0901308433342453696,0.68220714587501130044,16.56132097119763813,1.8829252294528158185,2.8645140070152486089,0.68221668441964189444,1498,1498,0.0031622676178812980652,0,0
0.0029717977784537701752,0.52201338523921025914,1.0901313634002587349,0.68220717950889864234,16.561338361608594738,1.8829257494214119983,2.8645140070161545509,0.68221629351377310879,1499,1499,0.0031750702764838933945,0,0
0.0029717983384266377297,0.52201300443966902609,1.0901318603183476341,0.68220721164579967155,16.561354978014477979,1.8829262462458191685,2.8645140070136227983,0.68221592000629049934,1500,1500,0.0031878729350864887238,0,0
0.0029717988734761667177,0.52201264058999363726,1.0901323351188976218,0.6822072423523434237,16.561370854864904345,1.8829267209574571673,2.8645140070146788425,0.68221556312282516377,1501,1501,0.003200675593689084053,0,0
0.0029717993847116555561,0.52201229293448503377,1.0901327887863470067,0.68220727169219319563,16.561386025074888551,1.8829271745393512116,2.8645140070122709908,0.68221522212347984748,1502,1502,0.0032134782522916793823,0,0
0.0029717998731930315645,0.52201196075356548487,1.0901332222613737688,0.68220729972617899506,16.561400520095723721,1.8829276079332288862,2.8645140070134615939,0.68221489630127662984,1503,1503,0.0032262811437249183655,0,0
0.0029718003399330445227,0.52201164335718763798,1.0901336364427547387,0.68220732651242288469,16.561414369978020744,1.8829280220364756904,2.8645140070111625441,0.68221458498072229393,1504,1504,0.0032390838023275136948,0,0
0.0029718007858993669874,0.52201134008853178337,1.0901340321892658558,0.68220735210646021862,16.561427603435472378,1.8829284177089258279,2.8645140070124339715,0.68221428751637092081,1505,1505,0.003251886460930109024,0,0
0.0029718012120166018009,0.52201105031751560137,1.0901344103214425374,0.68220737656135432836,16.56144024790340552,1.8829287957697431466,2.8645140070102503849,0.68221400329151160591,1506,1506,0.0032646891195327043533,0,0
0.0029718016191681998275,0.5220107734445887937,1.0901347716233227292,0.68220739992780699001,16.561452329596473731,1.8829291570040334047,2.8645140070116030806,0.68221373171688326487,1507,1507,0.0032774917781352996826,0,0
0.0029718020081982883529,0.52201050889441547032,1.0901351168440058803,0.68220742225426300731,16.561463873562004778,1.882929502159540025,2.8645140070094954332,0.68221347222945172284,1508,1508,0.0032902946695685386658,0,0
0.0029718023799134253224,0.52201025611973428386,1.0901354466993027348,0.68220744358701101984,16.561474903733508057,1.8829298319531582173,2.8645140070109262886,0.68221322429123709696,1509,1509,0.0033030973281711339951,0,0
0.0029718027350842685791,0.52201001459518503456,1.0901357618730902477,0.68220746397027942631,16.561485442977989635,1.8829301470674146834,2.8645140070088803697,0.68221298738821256613,1510,1510,0.0033158999867737293243,0,0
0.0029718030744471757125,0.52200978382124785249,1.0901360630188845491,0.68220748344632808902,16.561495513146066827,1.8829304481569251184,2.8645140070103538577,0.68221276102922379092,1511,1511,0.0033287026453763246536,0,0
0.0029718033987057297478,0.52200956331819226008,1.0901363507610171144,0.68220750205553581935,16.561505135114472864,1.88293073584467896,2.8645140070083630057,0.68221254474497350362,1512,1512,0.0033415053039789199829,0,0
0.0029718037085321980482,0.52200935263008296783,1.0901366256961373402,0.68220751983648431072,16.561514328832178222,1.8829310107284413789,2.8645140070098999985,0.68221233808706194246,1513,1513,0.0033543079625815153122,0,0
0.002971804004568925732,0.52200915131883185438,1.0901368883942292864,0.68220753682603796353,16.561523113358916248,1.8829312733768599486,2.8645140070079535555,0.68221214062703550152,1514,1514,0.0033671108540147542953,0,0
0.0029718042874296692404,0.52200895896830612486,1.0901371394000056725,0.6822075530594203796,16.561531506907279265,1.8829315243357740428,2.864514007009529184,0.68221195195552486457,1515,1515,0.0033799135126173496246,0,0
0.0029718045577008665899,0.522008775178430251,1.0901373792338486801,0.68220756857028752584,16.561539526878405582,1.8829317641242397929,2.8645140070076045014,0.68221177168136315494,1516,1516,0.0033927161712199449539,0,0
0.0029718048159428555807,0.52200859956941625395,1.0901376083930451877,0.68220758339079734522,16.56154718989968444,1.8829319932406800575,2.8645140070092285356,0.68221159943080611487,1517,1517,0.0034055188298225402832,0,0
0.0029718050626910321593,0.52200843177589273392,1.0901378273526869389,0.68220759755167614813,16.561554511857650596,1.8829322121588665251,2.8645140070073349392,0.68221143484673940627,1518,1518,0.0034183214884251356125,0,0
0.002971805298456964544,0.52200827145124040207,1.0901380365667805439,0.68220761108228311631,16.561561507932641035,1.8829324213339515559,2.8645140070089829543,0.68221127758794608553,1519,1519,0.0034311243798583745956,0,0
0.0029718055237294505391,0.52200811826178583619,1.0901382364690523907,0.68220762401067047698,16.561568192628438823,1.8829326211983470341,2.8645140070071217764,0.68221112732838851134,1520,1520,0.0034439270384609699249,0,0
0.0029718057389755332155,0.5220079718911784239,1.09013842747401557,0.68220763636364190052,16.561574579804400287,1.8829328121677235686,2.8645140070087906636,0.68221098375655286894,1521,1521,0.0034567296970635652542,0,0
0.0029718059446414684527,0.52200783203468492655,1.090138609977629347,0.6822076481668081227,16.561580682701720235,1.8829329946367310278,2.8645140070069445848,0.68221084657477948365,1522,1522,0.0034695323556661605835,0,0
0.0029718061411536495463,0.52200769840360294882,1.0901387843583281168,0.68220765944463979125,16.561586513973661994,1.8829331689849677645,2.8645140070086405615,0.68221071549866141304,1523,1523,0.0034823350142687559128,0,0
0.0029718063289194910498,0.52200757071960623978,1.0901389509776091558,0.68220767022051875816,16.561592085708937816,1.882933335572626099,2.8645140070068051408,0.68221059025644914531,1524,1524,0.0034951379057019948959,0,0
0.0029718065083282757533,0.52200744871923610013,1.0901391101809669859,0.68220768051678570831,16.561597409459533736,1.8829334947463718386,2.8645140070085099993,0.68221047058848860445,1525,1525,0.0035079405643045902252,0,0
0.0029718066797519591613,0.52200733214828431983,1.0901392622984322767,0.68220769035478756592,16.561602496262093354,1.8829336468349415767,2.8645140070067101057,0.68221035624667814012,1526,1526,0.0035207432229071855545,0,0
0.0029718068435459418786,0.52200722076632455337,1.0901394076454360427,0.68220769975492057124,16.561607356663142099,1.8829337921549365031,2.8645140070084251782,0.68221024699396959345,1527,1527,0.0035335458815097808838,0,0
0.002971807000049806434,0.5220071143411667558,1.0901395465232814885,0.68220770873667346823,16.561612000738744399,1.88293393100637374,2.8645140070066252846,0.68221014260385393069,1528,1528,0.0035463485401123762131,0,0
0.0029718071495880207106,0.52200701265342930313,1.090139679219936264,0.68220771731866758358,16.561616438117564343,1.8829340636783962193,2.8645140070083607853,0.68221004285990705096,1529,1529,0.0035591511987149715424,0,0
0.0029718072924706118859,0.522006915491011525,1.0901398060104880994,0.6822077255186953515,16.561620677998682538,1.882934190444810918,2.8645140070065666649,0.68220994755534092313,1530,1530,0.0035719540901482105255,0,0
0.0029718074289938074123,0.52200682265374187541,1.0901399271578391392,0.68220773335375728408,16.561624729172784498,1.8829343115697005917,2.8645140070083146,0.68220985649256526973,1531,1531,0.0035847567487508058548,0,0
0.0029718075594406508436,0.52200673394786900605,1.0901400429131289371,0.68220774084009738747,16.561628600038186931,1.8829344273029258172,2.8645140070065222559,0.68220976948279199448,1532,1532,0.0035975594073534011841,0,0
0.0029718076840815886054,0.52200664919076011916,1.0901401535163766088,0.68220774799323646853,16.5616322986206157,1.8829345378856940929,2.8645140070082963923,0.68220968634562217936,1533,1533,0.0036103620659559965134,0,0
0.0029718078031750281426,0.52200656820540403125,1.0901402591968754052,0.68220775482800466438,16.561635832587388251,1.8829346435460223574,2.8645140070065044924,0.68220960690870879883,1534,1534,0.0036231647245585918427,0,0
0.0029718079169678782853,0.5220064908251815794,1.0901403601737467142,0.68220776135857197353,16.561639209265738515,1.8829347445042230458,2.8645140070082710793,0.68220953100734915697,1535,1535,0.0036359676159918308258,0,0
0.002971808025696056222,0.52200641688838511634,1.0901404566563130949,0.68220776759847778781,16.561642435655613781,1.8829348409683464016,2.8645140070064969429,0.68220945848418956814,1536,1536,0.0036487702745944261551,0,0
0.0029718081295849797276,0.52200634624299913078,1.0901405488446416214,0.68220777356065875896,16.561645518446589165,1.8829349331396560974,2.8645140070082728556,0.68220938918887041869,1537,1537,0.0036615729331970214844,0,0
0.0029718082288500346708,0.5220062787412805827,1.0901406369298292098,0.68220777925747599912,16.561648464029328665,1.8829350212079773996,2.8645140070065009397,0.68220932297773140274,1538,1538,0.0036743755917996168137,0,0
0.0029718083236970186702,0.52200621424455262432,1.0901407210945412984,0.68220778470074017186,16.561651278511341445,1.8829351053571790064,2.8645140070082737438,0.68220925971350010464,1539,1539,0.0036871782504022121429,0,0
0.0029718084143225700043,0.5220061526178308986,1.0901408015132185714,0.68220778990173647216,16.561653967726737591,1.8829351857604281761,2.864514007006497387,0.68220919926501888408,1540,1540,0.0036999811418354511261,0,0
0.0029718085009145770066,0.52200609373461226426,1.0901408783526522761,0.68220779487124771912,16.561656537251888466,1.8829352625857307402,2.8645140070082852901,0.68220914150696065903,1541,1541,0.0037127838004380464554,0,0
0.0029718085836525631738,0.52200603747155471801,1.0901409517720772602,0.68220779961957678239,16.561658992412766622,1.8829353359910414589,2.8645140070065178151,0.68220908631958410151,1542,1542,0.0037255864590406417847,0,0
0.0029718086627080627336,0.52200598371326978331,1.0901410219237868127,0.68220780415656800955,16.561661338300652346,1.882935406129875533,2.8645140070083061623,0.68220903358847129194,1543,1543,0.003738389117643237114,0,0
0.0029718087382449758296,0.52200593234703951406,1.090141088953156423,0.68220780849162765413,16.56166357977797432,1.8829354731463334716,2.8645140070065386872,0.68220898320430278794,1544,1544,0.0037511917762458324432,0,0
0.0029718088104199059246,0.52200588326763852631,1.0901411529992082183,0.68220781263374308256,16.561665721492619952,1.8829355371806550945,2.8645140070083225936,0.68220893506262036965,1545,1545,0.0037639946676790714264,0,0
0.0029718088793824889646,0.52200583637204178711,1.0901412141946786871,0.682207816591502203,16.561667767884163283,1.8829355983643121242,2.8645140070065679971,0.68220888906361354387,1546,1546,0.0037767973262816667557,0,0
0.0029718089452756982563,0.52200579156429383065,1.0901412726664838626,0.68220782037310989665,16.56166972319578079,1.8829356568254336235,2.8645140070083501271,0.68220884511191959287,1547,1547,0.003789599984884262085,0,0
0.0029718090082361458756,0.5220057487502285376,1.0901413285358072525,0.68220782398640655853,16.561671591480646271,1.8829357126839449954,2.864514007006602192,0.68220880311641507454,1548,1548,0.0038024026434868574142,0,0
0.0029718090683943619579,0.52200570784234578969,1.0901413819185268306,0.68220782743888330746,16.561673376612755959,1.8829357660569363553,2.8645140070083763284,0.68220876299003707643,1549,1549,0.0038152053020894527435,0,0
0.0029718091258750683505,0.52200566875457521387,1.0901414329252636648,0.68220783073769775129,16.561675082292367733,1.8829358170537746631,2.8645140070066372751,0.682208724649590037,1550,1550,0.0038280079606920480728,0,0
0.0029718091807974344846,0.52200563140713474031,1.0901414816618237857,0.68220783388968919692,16.561676712056446092,1.8829358657814794231,2.8645140070084154083,0.68220868801559109151,1551,1551,0.003840810852125287056,0,0
0.0029718092332753271757,0.52200559572133542474,1.0901415282291970765,0.68220783690139252808,16.561678269283074627,1.8829359123397890752,2.8645140070066705817,0.6822086530120886616,1552,1552,0.0038536135107278823853,0,0
0.0029718092834175439433,0.52200556162445266306,1.0901415727239769371,0.68220783977905141704,16.561679757201449803,1.8829359568265098268,2.8645140070084451622,0.68220861956651290825,1553,1553,0.0038664161693304777145,0,0
0.0029718093313280402601,0.52200552904453834113,1.0901416152383596181,0.68220784252863198027,16.561681178895586442,1.8829359993325898159,2.8645140070067092175,0.68220858760952240996,1554,1554,0.0038792188279330730438,0,0
0.0029718093771061459586,0.52200549791529970989,1.0901416558605467877,0.6822078451558346579,16.56168253731381057,1.8829360399474470711,2.8645140070084900152,0.68220855707486527386,1555,1555,0.0038920214865356683731,0,0
0.0029718094208467686276,0.52200546817094517493,1.0901416946746962378,0.68220784766610631511,16.561683835271445275,1.8829360787539890509,2.8645140070067460769,0.68220852789923813742,1556,1556,0.0039048243779689073563,0,0
0.0029718094626405922379,0.52200543975106383776,1.0901417317613379954,0.68220785006465134437,16.561685075460410133,1.8829361158339652516,2.8645140070085313155,0.68220850002215027708,1557,1557,0.0039176270365715026855,0,0
0.0029718095025742640586,0.52200541259547750261,1.0901417671973028245,0.68220785235644232358,16.561686260450944275,1.882936151262957436,2.8645140070067922622,0.68220847338580836716,1558,1558,0.003930429462343454361,0,0
0.002971809540730575936,0.52200538664914308828,1.0901418010561156891,0.68220785454623067423,16.561687392700648047,1.8829361851157109253,2.8645140070085739481,0.68220844793499035852,1559,1559,0.0039432323537766933441,0,0
0.0029718095771886342965,0.52200536185701040814,1.0901418334079178152,0.68220785663855632031,16.561688474556131467,1.8829362174611201652,2.8645140070068384475,0.68220842361692857203,1560,1560,0.0039560352452099323273,0,0
0.0029718096120240240776,0.52200533816893834871,1.0901418643198355074,0.68220785863775712521,16.561689508261014936,1.8829362483675320394,2.8645140070086201334,0.68220840038121066673,1561,1561,0.0039688376709818840027,0,0
0.0029718096453089665882,0.52200531553455697953,1.0901418938559011007,0.68220786054797788456,16.561690495957652303,1.8829362778977325465,2.8645140070068779714,0.68220837817966006877,1562,1562,0.0039816405624151229858,0,0
0.002971809677112469128,0.52200529390819661035,1.0901419220774120067,0.6822078623731788749,16.561691439694634198,1.8829363061142443403,2.8645140070086623219,0.68220835696625070632,1563,1563,0.0039944429881870746613,0,0
0.0029718097075004676691,0.5220052732437667764,1.0901419490428092551,0.68220786411714406938,16.561692341427509234,1.8829363330742583393,2.8645140070069166072,0.68220833669700153834,1564,1564,0.0040072458796203136444,0,0
0.0029718097365359617303,0.5220052534996816318,1.0901419748080658501,0.68220786578348924234,16.561693203026763399,1.8829363588349778968,2.8645140070087067308,0.68220831732989128948,1565,1565,0.0040200487710535526276,0,0
0.0029718097642791496855,0.52200523463374481903,1.0901419994265393321,0.68220786737566896374,16.561694026277784531,1.8829363834485095541,2.8645140070069539107,0.68220829882476685668,1566,1566,0.004032851196825504303,0,0
0.0029718097907875488939,0.52200521660811516345,1.0901420229493166136,0.6822078688969842597,16.56169481288813472,1.882936406967171683,2.8645140070087657946,0.6822082811432603755,1567,1567,0.0040456540882587432861,0,0
0.0029718098161161162624,0.52200519938414002841,1.0901420454251284919,0.68220787035058905179,16.561695564487873611,1.8829364294384431933,2.8645140070069996518,0.68220826424872205163,1568,1568,0.0040584565140306949615,0,0
0.0029718098403173644727,0.52200518292739439552,1.0901420669006087749,0.68220787173949704041,16.56169628263597815,1.8829364509101944591,2.864514007008812424,0.68220824810611735423,1569,1569,0.0040712594054639339447,0,0
0.0029718098634414673656,0.5220051672024785816,1.0901420874202378819,0.68220787306658781102,16.561696968820548648,1.8829364714256500157,2.8645140070070547189,0.68220823268198460543,1570,1570,0.0040840622968971729279,0,0
0.0029718098855363666265,0.52200515217806353618,1.090142107026613294,0.68220787433461260729,16.561697624465022471,1.8829364910286472412,2.8645140070088479511,0.68220821794434649554,1571,1571,0.0040968647226691246033,0,0
0.0029718099066478693634,0.52200513782173640909,1.0901421257603187698,0.68220787554620032633,16.561698250927801013,1.8829365097585160083,2.864514007007100016,0.68220820386264513502,1572,1572,0.0041096676141023635864,0,0
0.0029718099268197452519,0.52200512410499766425,1.0901421436602523052,0.68220787670386284773,16.561698849508520226,1.882936527655389547,2.8645140070088945805,0.68220819040768798658,1573,1573,0.0041224700398743152618,0,0
0.0029718099460938137042,0.52200511099814161931,1.0901421607634753652,0.68220787781000036265,16.561699421447375613,1.8829365447550838741,2.8645140070071453131,0.68220817755158180695,1574,1574,0.004135272931307554245,0,0
0.0029718099645100349432,0.52200509847526244123,1.0901421771054946586,0.68220787886690603674,16.561699967930941568,1.8829365610943358256,2.8645140070089398776,0.68220816526766947518,1575,1575,0.0041480758227407932281,0,0
0.0029718099821065893651,0.52200508650913290953,1.0901421927201382367,0.68220787987677100617,16.56170049009132228,1.8829365767057297809,2.8645140070071977156,0.68220815353048658292,1576,1576,0.0041608782485127449036,0,0
0.002971809998919959072,0.52200507507620452774,1.0901422076398386007,0.68220788084168915155,16.561700989011949758,1.8829365916229308109,2.8645140070089838424,0.68220814231570081621,1577,1577,0.0041736811399459838867,0,0
0.0029718100149850015974,0.5220050641515152634,1.0901422218954655019,0.68220788176366087274,16.561701465726333282,1.8829366058755634405,2.8645140070072381278,0.68220813160005788767,1578,1578,0.0041864835657179355621,0,0
0.0029718100303350227648,0.52200505371368155494,1.0901422355166268119,0.6822078826445975297,16.561701921223566103,1.8829366194944689994,2.8645140070090380213,0.68220812136134356685,1579,1579,0.0041992864571511745453,0,0
0.0029718100450018473772,0.52200504373978851014,1.0901422485315235278,0.68220788348632555032,16.561702356447362661,1.8829366325066059229,2.8645140070072847571,0.68220811157833272098,1580,1580,0.0042120893485844135284,0,0
0.0029718100590158825353,0.52200503421043797925,1.0901422609671702624,0.68220788429059009417,16.561702772300645137,1.8829366449402202832,2.8645140070090930884,0.68220810223073746759,1581,1581,0.0042248917743563652039,0,0
0.0029718100724061826887,0.52200502510459390049,1.0901422728493141978,0.68220788505905838317,16.561703169644840017,1.8829366568198160348,2.8645140070073380478,0.68220809329918674635,1582,1582,0.004237694665789604187,0,0
0.0029718100852005081836,0.52200501640465257758,1.090142284202631151,0.68220788579332392043,16.561703549304528593,1.8829366681713037845,2.8645140070091335005,0.68220808476515648611,1583,1583,0.0042504970915615558624,0,0
0.002971810097425385544,0.5220050080913071211,1.0901422950506134413,0.6822078864949087107,16.561703912066036537,1.8829366790169328461,2.8645140070073864536,0.68220807661095783647,1584,1584,0.0042632999829947948456,0,0
0.0029718101091061590799,0.52200500014859330111,1.0901423054157917125,0.68220788716526747919,16.56170425868216256,1.8829366893804655447,2.8645140070091832385,0.68220806881968099056,1585,1585,0.0042761028744280338287,0,0
0.0029718101202670450973,0.52200499255876908755,1.0901423153196234672,0.6822078878057900031,16.561704589870846149,1.8829366992821225946,2.8645140070074317507,0.68220806137518064105,1586,1586,0.0042889053001999855042,0,0
0.0029718101309311835065,0.52200498530737393654,1.0901423247826724783,0.68220788841780410916,16.561704906319420161,1.8829367087436956751,2.8645140070092263151,0.68220805426201314159,1587,1587,0.0043017081916332244873,0,0
0.0029718101411206829243,0.5220049783781048891,1.0901423338245204153,0.68220788900257878229,16.561705208683214607,1.8829367177835312219,2.8645140070074917027,0.6822080474654381721,1588,1588,0.0043145106174051761627,0,0
0.0029718101508566688133,0.52200497175785676163,1.0901423424639600235,0.68220788956132627501,16.561705497589873204,1.8829367264216487765,2.8645140070092729445,0.6822080409713625615,1589,1589,0.0043273135088384151459,0,0
0.0029718101601593259822,0.52200496543164665031,1.0901423507188519046,0.68220789009520510504,16.561705773637470429,1.8829367346746759271,2.864514007007528118,0.68220803476632718709,1590,1590,0.0043401159346103668213,0,0
0.0029718101690479406529,0.522004959387621148,1.0901423586063547777,0.68220789060532205372,16.56170603739926861,1.8829367425609977449,2.8645140070093204621,0.68220802883745634837,1591,1591,0.0043529188260436058044,0,0
0.0029718101775409407929,0.52200495361198429034,1.0901423661427820377,0.68220789109273471951,16.561706289421156413,1.8829367500956952775,2.864514007007577856,0.68220802317247275504,1592,1592,0.0043657217174768447876,0,0
0.0029718101856559347128,0.52200494809402264718,1.0901423733438049268,0.68220789155845362739,16.561706530226551592,1.8829367572956670074,2.8645140070093546569,0.682208017759622809,1593,1593,0.004378524143248796463,0,0
0.0029718101934097470619,0.52200494282104537014,1.0901423802242911076,0.68220789200344444936,16.561706760313757769,1.8829367641745464734,2.8645140070076284822,0.68220801258768448694,1594,1594,0.0043913270346820354462,0,0
0.0029718102008184522217,0.52200493778336554129,1.0901423867985760019,0.68220789242862944768,16.561706980160817437,1.8829367707478987803,2.8645140070094110563,0.68220800764593736432,1595,1595,0.0044041294604539871216,0,0
0.0029718102078974103011,0.52200493296928995868,1.0901423930802240925,0.68220789283489036148,16.56170719022250637,1.8829367770280533989,2.8645140070076768879,0.68220800292413696919,1596,1596,0.0044169323518872261047,0,0
0.0029718102146612979282,0.52200492837009326852,1.0901423990823138066,0.68220789322306929492,16.561707390935179518,1.8829367830293171071,2.8645140070094576856,0.68220799841249357698,1597,1597,0.0044297352433204650879,0,0
0.0029718102211241381738,0.52200492397498066133,1.0901424048172403403,0.68220789359397127072,16.561707582714213061,1.8829367887628523093,2.8645140070077155237,0.68220799410165366972,1598,1598,0.0044425376690924167633,0,0
0.0029718102272993300421,0.52200491977610441463,1.0901424102969365926,0.68220789394836511832,16.561707765957937255,1.8829367942418213655,2.8645140070095060914,0.6822079899826771765,1599,1599,0.0044553405605256557465,0,0
0.0029718102331996757923,0.52200491576349528078,1.0901424155327175125,0.6822078942869854723,16.561707941045476389,1.8829367994763039906,2.8645140070077688144,0.68220798604702781454,1600,1600,0.0044681429862976074219,0,0
0.0029718102388374082606,0.52200491193009246338,1.0901424205354943719,0.68220789461053454872,16.561708108340731371,1.8829368044784440261,2.8645140070095562734,0.68220798228654411233,1601,1601,0.004480945877730846405,0,0
0.002971810244224216014,0.5220049082666904372,1.0901424253155804767,0.68220789491968303331,16.561708268189555326,1.8829368092573171012,2.8645140070078074501,0.68220797869343385855,1602,1602,0.0044937487691640853882,0,0
0.002971810249371267202,0.52200490476695959874,1.0901424298829347492,0.68220789521507196884,16.561708420924283303,1.8829368138241158182,2.8645140070096068996,0.68220797526023968516,1603,1603,0.0045065511949360370636,0,0
0.0029718102542892329762,0.52200490142237077063,1.0901424342469900886,0.68220789549731364332,16.561708566860719571,1.8829368181870371757,2.8645140070078491945,0.68220797197985605376,1604,1604,0.0045193540863692760468,0,0
0.0029718102589883083064,0.52200489822726692246,1.0901424384168241222,0.68220789576699325529,16.561708706302219696,1.8829368223563900386,2.8645140070096473117,0.68220796884546808236,1605,1605,0.0045321565121412277222,0,0
0.0029718102634782367008,0.52200489517374837334,1.0901424424010506264,0.68220789602466991308,16.561708839537118365,1.8829368263395540595,2.8645140070078984884,0.68220796585058907091,1606,1606,0.0045449594035744667053,0,0
0.0029718102677683266855,0.52200489225675461569,1.0901424462079689626,0.682207896270877856,16.561708966842399349,1.8829368301460605029,2.8645140070096868357,0.68220796298900343579,1607,1607,0.0045577622950077056885,0,0
0.002971810271867471754,0.52200488946897782849,1.0901424498454161949,0.68220789650612756461,16.561709088481137542,1.8829368337825085344,2.8645140070079522232,0.68220796025477858926,1608,1608,0.0045705647207796573639,0,0
0.0029718102757841716177,0.52200488680588852386,1.090142453321006677,0.68220789673090664884,16.561709204706520637,1.8829368372577510726,2.8645140070097352414,0.68220795764225083957,1609,1609,0.004583367612212896347,0,0
0.0029718102795265456499,0.52200488426071567361,1.0901424566418713713,0.68220789694568118033,16.561709315758509575,1.8829368405776771844,2.864514007007996188,0.68220795514599785747,1610,1610,0.0045961700379848480225,0,0
0.002971810283102352835,0.52200488182944249083,1.0901424598149522804,0.68220789715089646954,16.561709421868130221,1.8829368437504643286,2.8645140070097885321,0.68220795276084778003,1611,1611,0.0046089729294180870056,0,0
0.0029718102865190069474,0.52200487950576057727,1.0901424628467868416,0.68220789734697806495,16.561709523254727117,1.8829368467814158183,2.8645140070080485906,0.68220795048185645104,1612,1612,0.0046217758208513259888,0,0
0.0029718102897835912968,0.52200487728611866256,1.0901424657437017718,0.68220789753433230818,16.56170962012920711,1.8829368496780889419,2.864514007009837826,0.68220794830429531963,1613,1613,0.0046345782466232776642,0,0
0.0029718102929028739068,0.52200487516465043925,1.0901424685116583024,0.68220789771334766627,16.561709712691524032,1.882936852445211251,2.8645140070080841177,0.68220794622365865667,1614,1614,0.0046473811380565166473,0,0
0.0029718102958833226938,0.52200487313822463431,1.090142471156438253,0.6822078978843953978,16.561709801134611553,1.8829368550897969126,2.8645140070098840113,0.68220794423561714748,1615,1615,0.0046601835638284683228,0,0
0.0029718102987311163093,0.5220048712013726222,1.09014247368347994,0.68220789804783010801,16.561709885640723883,1.8829368576160483428,2.864514007008130303,0.68220794233606685264,1616,1616,0.0046729864552617073059,0,0
0.0029718103014521588846,0.52200486935134204902,1.0901424760980760187,0.68220789820399052594,16.561709966386239046,1.8829368600304945414,2.8645140070099244234,0.68220794052105449001,1617,1617,0.0046857893466949462891,0,0
0.0029718103040520917404,0.52200486758303643597,1.0901424784051745309,0.68220789835320050365,16.561710043537352988,1.8829368623368438751,2.8645140070081684947,0.6822079387868306144,1618,1618,0.0046985917724668979645,0,0
0.00297181030653630553,0.52200486589405215021,1.090142480609615605,0.68220789849576934927,16.561710117255195485,1.8829368645411750371,2.8645140070099648355,0.68220793712978700096,1619,1619,0.0047113946639001369476,0,0
0.0029718103089099502136,0.52200486427962744518,1.0901424827159094111,0.68220789863199260417,16.561710187691435436,1.8829368666467576343,2.8645140070082213413,0.68220793554649838963,1620,1620,0.004724197089672088623,0,0
0.0029718103111779480691,0.52200486273766999457,1.0901424847284879593,0.6822078987621528201,16.561710254993244007,1.8829368686592613535,2.8645140070100056917,0.68220793403367629981,1621,1621,0.0047369999811053276062,0,0
0.0029718103133449997634,0.52200486126372891427,1.0901424866514597412,0.68220789888651978128,16.561710319299116634,1.8829368705815570095,2.8645140070082644179,0.68220793258818679394,1622,1622,0.0047498028725385665894,0,0
0.0029718103154155986641,0.52200485985600786343,1.0901424884888675226,0.68220789900535128147,16.561710380743239313,1.8829368724189226025,2.8645140070100554297,0.68220793120703238088,1623,1623,0.0047626052983105182648,0,0
0.0029718103173940382117,0.52200485851032341067,1.0901424902444725173,0.6822078991188937902,16.561710439452273391,1.8829368741738832238,2.8645140070083141559,0.68220792988734946238,1624,1624,0.0047754081897437572479,0,0
0.0029718103192844192925,0.52200485722514877729,1.0901424919219666609,0.68220789922738267475,16.561710495548691569,1.8829368758513664872,2.8645140070101029472,0.68220792862640367016,1625,1625,0.0047882106155157089233,0,0
0.002971810321090661948,0.52200485599655999103,1.0901424935247672199,0.68220789933104275526,16.561710549147889537,1.8829368774535504283,2.8645140070083550121,0.68220792742157987387,1626,1626,0.0048010135069489479065,0,0
0.0029718103228165105786,0.522004854823268305,1.090142495056258598,0.68220789943008908196,16.561710600361944756,1.8829368789850566834,2.8645140070101362539,0.68220792627037962763,1627,1627,0.0048138159327208995819,0,0
0.0029718103244655434854,0.52200485370158633547,1.0901424965195531946,0.68220789952472693507,16.561710649296109921,1.8829368804477617516,2.8645140070084020856,0.68220792517041495273,1628,1628,0.0048266188241541385651,0,0
0.0029718103260411798082,0.52200485263044005269,1.0901424979177527508,0.68220789961515260202,16.561710696052784897,1.882936881846002608,2.864514007010186436,0.68220792411940900379,1629,1629,0.0048394217155873775482,0,0
0.0029718103275466860314,0.52200485160635634596,1.0901424992536872249,0.68220789970155348847,16.561710740727946245,1.8829368831813708685,2.8645140070084487149,0.68220792311517908235,1630,1630,0.0048522241413593292236,0,0
0.0029718103289851833561,0.52200485062846391227,1.0901425005301959015,0.6822078997841087844,16.56171078341519376,1.8829368844579437159,2.8645140070102295127,0.68220792215564662886,1631,1631,0.0048650270327925682068,0,0
0.0029718103303596546394,0.5220048496934857063,1.0901425017498524994,0.68220789986298957519,16.561710824201991699,1.8829368856770554164,2.8645140070084904593,0.6822079212388193481,1632,1632,0.0048778294585645198822,0,0
0.0029718103316729495983,0.52200484880073461103,1.0901425029152564949,0.68220789993835950771,16.561710863173942698,1.8829368868425442329,2.8645140070102774743,0.68220792036279809256,1633,1633,0.0048906323499977588654,0,0
0.0029718103329277900139,0.52200484794710244607,1.0901425040287640034,0.68220790001037467931,16.561710900410869129,1.8829368879555292704,2.8645140070085322037,0.68220791952576886885,1634,1634,0.0049034352414309978485,0,0
0.0029718103341267788388,0.52200484713208417098,1.0901425050927295857,0.68220790007918452602,16.561710935990852533,1.8829368890195969932,2.8645140070103263241,0.68220791872598918193,1635,1635,0.0049162376672029495239,0,0
0.0029718103352724010643,0.5220048463527205973,1.090142506109319509,0.68220790014493171149,16.561710969986780384,1.882936890035681321,2.8645140070085717277,0.68220791796181201594,1636,1636,0.0049290405586361885071,0,0
0.0029718103363670319607,0.52200484560866189376,1.0901425070806893824,0.68220790020775257112,16.561711002470186571,1.8829368910071726528,2.8645140070103636276,0.68220791723164009301,1637,1637,0.0049418429844081401825,0,0
0.0029718103374129414135,0.52200484489710574643,1.0901425080087918662,0.68220790026777722304,16.561711033507172885,1.8829368919347839739,2.8645140070086063666,0.68220791653397216958,1638,1638,0.0049546458758413791656,0,0
0.0029718103384122978271,0.52200484421783932554,1.0901425088956133713,0.68220790032513023426,16.561711063163365054,1.8829368928217440349,2.8645140070104160301,0.68220791586734830236,1639,1639,0.0049674487672746181488,0,0
0.002971810339367172895,0.52200484356818332987,1.0901425097429415789,0.68220790037993039867,16.561711091499077497,1.8829368936685975111,2.864514007008652996,0.68220791523040269499,1640,1640,0.0049802511930465698242,0,0
0.002971810340279546804,0.52200484294806659413,1.0901425105525748283,0.68220790043229140309,16.561711118574070412,1.882936894478382861,2.8645140070104568863,0.68220791462179897202,1641,1641,0.0049930540844798088074,0,0
0.0029718103411513108365,0.52200484235492639051,1.0901425113261540289,0.68220790048232193836,16.561711144443602706,1.8829368952515017632,2.8645140070086982931,0.68220791404028802152,1642,1642,0.0050058565102517604828,0,0
0.0029718103419842725743,0.52200484178880890429,1.0901425120653212009,0.68220790053012558829,16.561711169162130375,1.8829368959908341363,2.8645140070104968544,0.68220791348465414927,1643,1643,0.0050186594016849994659,0,0
0.0029718103427801593683,0.52200484124726942436,1.0901425127715638208,0.68220790057580138477,16.56171119278004511,1.8829368966966286703,2.8645140070087480311,0.68220791295375260432,1644,1644,0.0050314622931182384491,0,0
0.0029718103435406209405,0.52200484073044928213,1.0901425134464020061,0.68220790061944425187,16.561711215347216353,1.8829368973716444913,2.8645140070105359342,0.68220791244648015805,1645,1645,0.0050442647188901901245,0,0
0.0029718103442672337208,0.52200484023602022887,1.0901425140911671363,0.68220790066114456174,16.561711236909445688,1.8829368980159721936,2.8645140070087942163,0.6822079119617836529,1646,1646,0.0050570676103234291077,0,0
0.0029718103449615047504,0.52200483976420897214,1.0901425147072729693,0.68220790070098868974,16.56171125751252049,1.8829368986322678747,2.8645140070105834518,0.68220791149866155667,1647,1647,0.0050698700360953807831,0,0
0.0029718103456248734159,0.52200483931278540695,1.0901425152959172138,0.68220790073905934747,16.561711277198032377,1.8829368992204842392,2.8645140070088350726,0.68220791105615030681,1648,1648,0.0050826729275286197662,0,0
0.0029718103462587144858,0.52200483888206661298,1.090142515858400829,0.68220790077543547181,16.561711296007910477,1.8829368997831688048,2.864514007010624308,0.68220791063333663384,1649,1649,0.0050954758189618587494,0,0
0.0029718103468643428805,0.52200483846990597403,1.0901425163958076148,0.68220790081019244688,16.561711313980023164,1.8829369003201559263,2.8645140070088697115,0.68220791022933924275,1650,1650,0.0051082782447338104248,0,0
0.0029718103474430145397,0.52200483807670616798,1.0901425169093319489,0.68220790084340232617,16.561711331152782378,1.8829369008338907587,2.8645140070106704933,0.68220790984332313478,1651,1651,0.005121081136167049408,0,0
0.0029718103479959285911,0.52200483770038774711,1.0901425173999679252,0.68220790087513405453,16.561711347560706287,1.8829369013241170627,2.864514007008907015,0.6822079094744886163,1652,1652,0.0051338835619390010834,0,0
0.0029718103485242316868,0.52200483734144098591,1.0901425178687931261,0.68220790090545335715,16.561711363238799777,1.8829369017931605335,2.8645140070107122376,0.68220790912206796808,1653,1653,0.0051466864533722400665,0,0
0.0029718103490290193047,0.52200483699785316105,1.0901425183167192667,0.68220790093442307267,16.56171137821858963,1.8829369022406858836,2.8645140070089643025,0.68220790878533310586,1654,1654,0.0051594893448054790497,0,0
0.0029718103495113379169,0.52200483667016894795,1.0901425187447493226,0.68220790096210326414,16.561711392532224352,1.8829369026689419808,2.864514007010749097,0.68220790846358758674,1655,1655,0.0051722917705774307251,0,0
0.0029718103499721875912,0.52200483635646288683,1.0901425191536795456,0.68220790098855144112,16.561711406208111441,1.8829369030774774085,2.8645140070090051587,0.68220790815615950375,1656,1656,0.0051850946620106697083,0,0
0.0029718103504125237269,0.52200483605732816983,1.0901425195444534033,0.68220790101382222659,16.561711419275965795,1.8829369034684844131,2.8645140070107943941,0.68220790786241525261,1657,1657,0.0051978970877826213837,0,0
0.0029718103508332596556,0.52200483577089584752,1.0901425199177932068,0.68220790103796824511,16.56171143176153393,1.8829369038414358606,2.864514007009036245,0.68220790758174620905,1658,1658,0.0052106999792158603668,0,0
0.0029718103512352679434,0.52200483549782850101,1.090142520274549609,0.68220790106103945671,16.561711443691987,1.8829369041984307387,2.8645140070108343622,0.6822079073135656202,1659,1659,0.00522350287064909935,0,0
0.0029718103516193812574,0.52200483523629981342,1.0901425206153938507,0.68220790108308371202,16.561711455090886602,1.882936904538894618,2.8645140070090850948,0.68220790705732292647,1660,1660,0.0052363052964210510254,0,0
0.0029718103519863967032,0.5220048349870254345,1.0901425209411004236,0.68220790110414675222,16.561711465982938307,1.8829369048648441076,2.8645140070108703334,0.68220790681248510978,1661,1661,0.0052491081878542900085,0,0
0.0029718103523370753907,0.52200483474823367036,1.0901425212522757313,0.68220790112427209806,16.561711476389685771,1.8829369051756457143,2.864514007009125951,0.6822079065785442431,1662,1662,0.005261910613626241684,0,0
0.0029718103526721437353,0.52200483452068402457,1.0901425215496336474,0.68220790114350171596,16.561711486333727805,1.8829369054732527644,2.8645140070109134101,0.68220790635501615817,1663,1663,0.0052747135050594806671,0,0
0.0029718103529922973612,0.52200483430264843498,1.090142521833723066,0.68220790116187524088,16.5617114958346896,1.8829369057569731449,2.8645140070091654749,0.68220790614143611563,1664,1664,0.0052875159308314323425,0,0
0.0029718103532981993663,0.52200483409493392273,1.0901425221051981307,0.68220790117943097552,16.561711504913265713,1.8829369060287028947,2.8645140070109613717,0.68220790593736080343,1665,1665,0.0053003188222646713257,0,0
0.0029718103535904846595,0.522004833895848952,1.0901425223645571094,0.68220790119620522418,16.561711513587219713,1.8829369062876966101,2.8645140070092085516,0.68220790574237044623,1666,1666,0.0053131217136979103088,0,0
0.0029718103538697590929,0.52200483370623862456,1.0901425226124081824,0.68220790121223273683,16.561711521875704278,1.8829369065358074753,2.8645140070109995634,0.68220790555605670402,1667,1667,0.0053259241394698619843,0,0
0.0029718103541366011969,0.52200483352445536944,1.0901425228491889996,0.68220790122754682017,16.561711529794649778,1.8829369067722270259,2.8645140070092467433,0.68220790537803721598,1668,1668,0.0053387270309031009674,0,0
0.0029718103543915647818,0.52200483335138037067,1.0901425230754597795,0.68220790124217911554,16.561711537361656355,1.8829369069987595964,2.8645140070110421959,0.68220790520793772593,1669,1669,0.0053515294566750526428,0,0
0.0029718103546351789385,0.52200483318539059319,1.0901425232916348573,0.68220790125616015409,16.561711544591439349,1.882936907214580291,2.8645140070092955931,0.68220790504541117816,1670,1670,0.005364332348108291626,0,0
0.0029718103548679480376,0.52200483302740752212,1.0901425234982107249,0.68220790126951869059,16.561711551499808337,1.8829369074214208357,2.8645140070110848285,0.68220790489011706725,1671,1671,0.0053771352395415306091,0,0
0.0029718103550903551997,0.52200483287584076297,1.0901425236955637477,0.68220790128228270266,16.56171155810026363,1.8829369076184223619,2.8645140070093431106,0.68220790474173476081,1672,1672,0.0053899376653134822845,0,0
0.0029718103553028618613,0.52200483273163233999,1.0901425238841642162,0.68220790129447839156,16.561711564407371355,1.8829369078072906163,2.864514007011117247,0.6822079045999589475,1673,1673,0.0054027405567467212677,0,0
0.0029718103555059086421,0.52200483259323526841,1.0901425240643303205,0.68220790130613129243,16.561711570433264029,1.8829369079871074444,2.864514007009384855,0.68220790446448842381,1674,1674,0.0054155429825186729431,0,0
0.0029718103556999157788,0.5220048324616026747,1.0901425242365212487,0.68220790131726527505,16.561711576191484596,1.8829369081595703772,2.864514007011151886,0.68220790433505318351,1675,1675,0.0054283458739519119263,0,0
0.0029718103558852870284,0.52200483233522743109,1.0901425244009994575,0.68220790132790376514,16.561711581692819095,1.8829369083237019744,2.8645140070094234908,0.68220790421137289528,1676,1676,0.0054411487653851509094,0,0
0.0029718103560624053311,0.52200483221508142684,1.0901425245582025969,0.68220790133806852307,16.561711586949890318,1.8829369084811811152,2.8645140070112002917,0.68220790409320153369,1677,1677,0.0054539511911571025848,0,0
0.0029718103562316384482,0.52200483209967529774,1.090142524708365146,0.68220790134778075409,16.561711591972361646,1.882936908630998607,2.8645140070094528006,0.68220790398028774426,1678,1678,0.005466754082590341568,0,0
0.0029718103563933372276,0.52200483199001812551,1.0901425248518810118,0.68220790135706066426,16.561711596771875321,1.8829369087747929168,2.8645140070112433683,0.6822079038723986022,1679,1679,0.0054795565083622932434,0,0
0.0029718103565478373382,0.52200483188462953876,1.090142524988971795,0.68220790136592746045,16.561711601357174573,1.8829369089115413072,2.8645140070094941009,0.682207903769312618,1680,1680,0.0054923593997955322266,0,0
0.0029718103566954592702,0.5220048317845434882,1.0901425251199976518,0.68220790137439946133,16.561711605738949515,1.8829369090428480504,2.8645140070112775632,0.68220790367081463046,1681,1681,0.0055051622912287712097,0,0
0.0029718103568365087687,0.52200483168830358327,1.090142525245151317,0.68220790138249431944,16.561711609925140465,1.8829369091676626535,2.8645140070095407303,0.68220790357669836013,1682,1682,0.0055179647170007228851,0,0
0.0029718103569712785682,0.52200483159695643121,1.090142525364773185,0.68220790139022868814,16.561711613925513831,1.8829369092875667402,2.8645140070113184194,0.68220790348677451398,1683,1683,0.0055307676084339618683,0,0
0.0029718103571000483928,0.52200483150906418217,1.0901425254790328978,0.68220790139761877668,16.561711617747310044,1.8829369094014893893,2.8645140070095700402,0.68220790340085091241,1684,1684,0.0055435700342059135437,0,0
0.0029718103572230853901,0.5220048314257007549,1.0901425255882357668,0.68220790140467990614,16.561711621399446415,1.8829369095109762533,2.8645140070113601638,0.68220790331875147405,1685,1685,0.0055563729256391525269,0,0
0.0029718103573406436969,0.52200483134543174124,1.0901425256925469931,0.68220790141142650942,16.56171162488859494,1.8829369096149515261,2.8645140070096117846,0.68220790324030455842,1686,1686,0.00556917581707239151,0,0
0.0029718103574529679094,0.52200483126934971168,1.090142525792251238,0.68220790141787279737,16.561711628222923309,1.8829369097149437629,2.86451400701140102,0.68220790316535195874,1687,1687,0.0055819782428443431854,0,0
0.0029718103575602913477,0.52200483119604024207,1.0901425258874799518,0.68220790142403209266,16.561711631408286394,1.8829369098098374113,2.864514007009643759,0.68220790309373469107,1688,1688,0.0055947811342775821686,0,0
0.0029718103576628356229,0.52200483112661055785,1.0901425259785040289,0.68220790142991716287,16.56171163445244332,1.8829369099011517008,2.8645140070114445408,0.68220790302530276428,1689,1689,0.005607583560049533844,0,0
0.0029718103577608145395,0.52200483105965767017,1.0901425260654349358,0.68220790143554010942,16.561711637360438942,1.8829369099877470983,2.8645140070096855034,0.68220790295991806662,1690,1690,0.0056203864514827728271,0,0
0.0029718103578544306266,0.52200483099629668704,1.0901425261485404583,0.68220790144091270069,16.56171164013970909,1.8829369100711452756,2.8645140070114822883,0.68220790289744193124,1691,1691,0.0056331893429160118103,0,0
0.0029718103579438777395,0.52200483093514260524,1.0901425262279054174,0.68220790144604603888,16.561711642794566757,1.8829369101501771677,2.8645140070097170337,0.68220790283774979113,1692,1692,0.0056459917686879634857,0,0
0.0029718103580293419273,0.52200483087733062781,1.0901425263037676228,0.68220790145095089319,16.561711645331822496,1.8829369102263311397,2.8645140070115213682,0.68220790278070975177,1693,1693,0.0056587946601212024689,0,0
0.0029718103581110005655,0.52200483082147242087,1.090142526376224108,0.68220790145563725559,16.56171164775565785,1.8829369102984574447,2.8645140070097658835,0.6822079027262104578,1694,1694,0.0056715970858931541443,0,0
0.0029718103581890232233,0.52200483076871984078,1.0901425264454849273,0.6822079014601150071,16.561711650072098223,1.882936910368012251,2.8645140070115684416,0.68220790267413511376,1695,1695,0.0056843999773263931274,0,0
0.0029718103582635712299,0.52200483071769565591,1.0901425265116302388,0.68220790146439325152,16.561711652284849094,1.882936910433826494,2.8645140070097974139,0.68220790262438135709,1696,1696,0.0056972028687596321106,0,0
0.0029718103583347989759,0.52200483066956182565,1.0901425265748669879,0.6822079014684810927,16.561711654399772442,1.8829369104973605609,2.8645140070116066333,0.68220790257683705526,1697,1697,0.005710005294531583786,0,0
0.0029718103584028552136,0.52200483062295743864,1.0901425266352426924,0.68220790147238674628,16.561711656419770833,1.8829369105574047527,2.8645140070098431551,0.68220790253141250226,1698,1698,0.0057228081859648227692,0,0
0.0029718103584678804557,0.52200483057903801498,1.0901425266929793967,0.68220790147611853893,16.56171165835059611,1.8829369106154389968,2.8645140070116359432,0.68220790248800966538,1699,1699,0.0057356106117367744446,0,0
0.0029718103585300091433,0.52200483053646395959,1.0901425267480970849,0.6822079014796841312,16.561711660194813334,1.8829369106702271708,2.8645140070098817908,0.68220790244653528589,1700,1700,0.0057484135031700134277,0,0
0.0029718103585893713807,0.52200483049639878619,1.0901425268008031466,0.68220790148309096157,16.561711661957520647,1.8829369107232312164,2.8645140070116785758,0.68220790240690942774,1701,1701,0.0057612159289419651031,0,0
0.0029718103586460894658,0.52200483045749923594,1.0901425268511268918,0.68220790148634602446,16.561711663641229819,1.8829369107732272237,2.864514007009912433,0.68220790236904671477,1702,1702,0.0057740188203752040863,0,0
0.0029718103587002813598,0.52200483042095457975,1.0901425268992386286,0.68220790148945609221,16.561711665250495429,1.8829369108216376105,2.8645140070117256492,0.68220790233286632276,1703,1703,0.0057868217118084430695,0,0
0.0029718103587520593861,0.52200483038540990144,1.0901425269451856526,0.68220790149242760414,16.561711666787640951,1.882936910867258451,2.8645140070099466278,0.68220790229830186036,1704,1704,0.0057996241375803947449,0,0
0.0029718103588015306639,0.52200483035207723148,1.0901425269891047432,0.68220790149526677748,16.561711668256787533,1.8829369109114764136,2.8645140070117620645,0.6822079022652693947,1705,1705,0.005812427029013633728,0,0
0.0029718103588487984092,0.52200483031960298597,1.0901425270310451943,0.6822079014979793854,16.561711669660091673,1.8829369109530913473,2.8645140070099950336,0.68220790223371086114,1706,1706,0.0058252294547855854034,0,0
0.0029718103588939610675,0.52200483028919331119,1.0901425270711522231,0.68220790150057131207,16.561711671001493329,1.8829369109934994686,2.8645140070117971476,0.68220790220355487232,1707,1707,0.0058380323462188243866,0,0
0.0029718103589371114466,0.5220048302595268197,1.0901425271094269398,0.68220790150304766453,16.561711672282452668,1.8829369110314482239,2.8645140070100438834,0.68220790217474203132,1708,1708,0.0058508352376520633698,0,0
0.0029718103589783397521,0.5220048302317882305,1.0901425271460483124,0.68220790150541377184,16.561711673507137021,1.882936911068371133,2.8645140070118317865,0.68220790214721249711,1709,1709,0.0058636376634240150452,0,0
0.0029718103590177309854,0.52200483020467824957,1.0901425271809881412,0.68220790150767440796,16.561711674676594441,1.8829369111029865547,2.8645140070100847396,0.68220790212090565152,1710,1710,0.0058764405548572540283,0,0
0.0029718103590553671123,0.5220048301793840384,1.0901425272144162903,0.68220790150983434685,16.561711675794590803,1.882936911136714464,2.8645140070118668696,0.68220790209577242269,1711,1711,0.0058892429806292057037,0,0
0.0029718103590913261952,0.52200483015460452663,1.0901425272463181049,0.68220790151189802941,16.561711676862309162,1.882936911168294758,2.8645140070101207108,0.68220790207175519004,1712,1712,0.0059020458720624446869,0,0
0.002971810359125683261,0.52200483013154486134,1.0901425272768288099,0.6822079015138697855,16.561711677882932747,1.8829369111991043351,2.8645140070119117226,0.68220790204880732421,1713,1713,0.00591484876349568367,0,0
0.0029718103591585094334,0.52200483010889475732,1.090142527305950404,0.68220790151575372295,16.561711678857641061,1.8829369112279039644,2.864514007010156682,0.6822079020268815297,1714,1714,0.0059276511892676353455,0,0
0.0029718103591898728001,0.5220048300878684655,1.0901425273338098965,0.68220790151755361652,16.561711679789507201,1.8829369112560647714,2.8645140070119490261,0.682207902005930511,1715,1715,0.0059404540807008743286,0,0
0.0029718103592198379798,0.52200483006716413836,1.0901425273603913002,0.68220790151927335199,16.561711680679280789,1.8829369112823237664,2.8645140070101891006,0.68220790198591374498,1716,1716,0.005953256506472826004,0,0
0.002971810359248467856,0.5220048300479929182,1.0901425273858313947,0.68220790152091637104,16.561711681530084661,1.8829369113080662856,2.8645140070119738951,0.68220790196678782191,1717,1717,0.0059660593979060649872,0,0
0.0029718103592758218431,0.52200483002907049901,1.0901425274100839946,0.6822079015224862264,16.561711682342259877,1.8829369113319944784,2.8645140070102241836,0.68220790194850999821,1718,1718,0.0059788622893393039703,0,0
0.0029718103593019567533,0.5220048300115945894,1.0901425274333151894,0.6822079015239861377,16.56171168311909625,1.8829369113555312065,2.8645140070120138631,0.68220790193104863253,1719,1719,0.0059916647151112556458,0,0
0.0029718103593269259294,0.52200482999429353992,1.0901425274554523703,0.68220790152541910256,16.561711683860519173,1.8829369113773446465,2.8645140070102645957,0.68220790191436142536,1720,1720,0.0060044676065444946289,0,0
0.002971810359350782714,0.52200482997837038823,1.0901425274766556317,0.6822079015267882296,16.561711684569651482,1.882936911398852331,2.8645140070120564957,0.68220790189841995499,1721,1721,0.0060172700323164463043,0,0
0.0029718103593735752457,0.52200482996254349288,1.0901425274968707946,0.68220790152809629436,16.561711685246603309,1.8829369114187453071,2.8645140070102965701,0.68220790188318558567,1722,1722,0.0060300729237496852875,0,0
0.0029718103593953520969,0.5220048299480390952,1.0901425275162197615,0.68220790152934607242,16.5617116858939184,1.8829369114383973649,2.8645140070120937992,0.6822079018686300067,1723,1723,0.0060428758151829242706,0,0
0.0029718103594161575029,0.52200482993355934447,1.0901425275346794397,0.68220790153054011729,16.56171168651201242,1.8829369114565366328,2.8645140070103312091,0.68220790185472157674,1724,1724,0.006055678240954875946,0,0
0.0029718103594360356992,0.5220048299203458031,1.0901425275523455305,0.68220790153168098247,16.561711687102981472,1.8829369114745073688,2.8645140070121284381,0.68220790184143376145,1725,1725,0.0060684811323881149292,0,0
0.0029718103594550270181,0.52200482990710417308,1.0901425275691869476,0.68220790153277088841,16.561711687667099113,1.8829369114910268213,2.8645140070103671803,0.68220790182873614071,1726,1726,0.0060812835581600666046,0,0
0.0029718103594731713583,0.52200482989506979958,1.0901425275853144914,0.68220790153381216658,16.561711688206671056,1.8829369115074596763,2.8645140070121706266,0.68220790181660273532,1727,1727,0.0060940864495933055878,0,0
0.00297181035949050645,0.52200482988295227038,1.0901425276006899701,0.68220790153480703744,16.561711688721683089,1.8829369115225140785,2.864514007010405372,0.68220790180501034161,1728,1728,0.0061068893410265445709,0,0
0.0029718103595070682887,0.52200482987199425811,1.0901425276154150801,0.68220790153575749937,16.561711689214327237,1.8829369115375460542,2.8645140070122150355,0.6822079017939322032,1729,1729,0.0061196917667984962463,0,0
0.0029718103595228911352,0.5220048298609066828,1.0901425276294454125,0.68220790153666555078,16.561711689684386783,1.882936911551254644,2.8645140070104480046,0.68220790178334977938,1730,1730,0.0061324946582317352295,0,0
0.0029718103595380079493,0.52200482985093155097,1.0901425276428875488,0.68220790153753307905,16.561711690134121255,1.882936911565003868,2.8645140070122554476,0.68220790177323642478,1731,1731,0.0061452970840036869049,0,0
0.0029718103595524503896,0.52200482984077889448,1.0901425276556984123,0.68220790153836197156,16.561711690563299726,1.882936911577493877,2.8645140070104821994,0.68220790176357481993,1732,1732,0.0061580999754369258881,0,0
0.0029718103595662483801,0.52200482983170137796,1.090142527667967931,0.68220790153915378262,16.561711690973854871,1.8829369115900693732,2.864514007012286978,0.6822079017543414281,1733,1733,0.0061709024012088775635,0,0
0.0029718103595794301101,0.52200482982240747898,1.0901425276796568031,0.68220790153991028859,16.561711691365591292,1.8829369116014367247,2.8645140070105141739,0.68220790174551992902,1734,1734,0.0061837052926421165466,0,0
0.0029718103595920233352,0.52200482981415141648,1.0901425276908545126,0.68220790154063304378,16.561711691740406138,1.8829369116129408557,2.8645140070123287224,0.68220790173708811821,1735,1735,0.0061965081840753555298,0,0
0.0029718103596040545099,0.52200482980564055779,1.0901425277015219795,0.68220790154132349148,16.561711692098004534,1.8829369116232872461,2.8645140070105590269,0.68220790172903356119,1736,1736,0.0062093106098473072052,0,0
0.002971810359615548354,0.52200482979812690143,1.0901425277117515744,0.682207901541983186,16.561711692440237442,1.8829369116338234846,2.8645140070123580323,0.68220790172133805029,1737,1737,0.0062221135012805461884,0,0
0.0029718103596265291536,0.52200482979033180353,1.0901425277214855658,0.68220790154261334859,16.561711692766618143,1.8829369116432370657,2.8645140070105910013,0.68220790171398537627,1738,1738,0.0062349159270524978638,0,0
0.0029718103596370190264,0.52200482978350226659,1.090142527730820321,0.68220790154321531151,16.561711693079033125,1.8829369116528773542,2.8645140070123904508,0.68220790170695810861,1739,1739,0.0062477188184857368469,0,0
0.0029718103596470405239,0.52200482977635997983,1.0901425277397043256,0.68220790154379051806,16.561711693376974353,1.8829369116614422808,2.8645140070106300811,0.68220790170024492305,1740,1740,0.0062605217099189758301,0,0
0.0029718103596566144628,0.52200482977015094654,1.0901425277482290621,0.68220790154433996744,16.561711693662214628,1.8829369116702727727,2.8645140070124202047,0.68220790169383005441,1741,1741,0.0062733241356909275055,0,0
0.0029718103596657603586,0.52200482976360529364,1.0901425277563343563,0.68220790154486476986,16.561711693934181966,1.8829369116780592108,2.8645140070106647201,0.68220790168769951389,1742,1742,0.0062861270271241664886,0,0
0.0029718103596744972934,0.5220048297579660268,1.0901425277641152434,0.6822079015453662576,16.561711694194563904,1.8829369116861456313,2.864514007012456176,0.68220790168184308744,1743,1743,0.0062989294528961181641,0,0
0.0029718103596828439154,0.52200482975196460522,1.0901425277715104389,0.68220790154584520781,16.561711694442802667,1.8829369116932221928,2.8645140070107024677,0.68220790167624556499,1744,1744,0.0063117323443293571472,0,0
0.0029718103596908171382,0.52200482974684636606,1.0901425277786134238,0.68220790154630284174,16.56171169468052895,1.8829369117006320433,2.8645140070125023612,0.68220790167089828682,1745,1745,0.0063245352357625961304,0,0
0.002971810359698434309,0.5220048297413388827,1.0901425277853618034,0.68220790154673993655,16.561711694907064185,1.8829369117070602346,2.8645140070107335539,0.68220790166578992864,1746,1746,0.0063373376615345478058,0,0
0.0029718103597057101729,0.52200482973669293241,1.0901425277918501688,0.68220790154715749143,16.561711695124195387,1.8829369117138567979,2.8645140070125374443,0.6822079016609062796,1747,1747,0.0063501405529677867889,0,0
0.0029718103597126607762,0.52200482973163886413,1.0901425277980059114,0.68220790154755639456,16.561711695330938454,1.8829369117196919081,2.8645140070107659724,0.68220790165624234369,1748,1748,0.0063629429787397384644,0,0
0.0029718103597192999966,0.52200482972742912047,1.0901425278039222899,0.6822079015479374231,16.561711695529034216,1.8829369117259149302,2.8645140070125663101,0.68220790165178490927,1749,1749,0.0063757458701729774475,0,0
0.0029718103597256421457,0.52200482972278783311,1.0901425278095409066,0.68220790154830146523,16.561711695717804105,1.8829369117312135806,2.8645140070108006114,0.68220790164752520557,1750,1750,0.0063885487616062164307,0,0
0.0029718103597317006674,0.52200482971897232964,1.0901425278149450282,0.68220790154864907606,16.561711695898704733,1.8829369117369261222,2.8645140070126040577,0.68220790164345546103,1751,1751,0.0064013511873781681061,0,0
0.0029718103597374872712,0.52200482971470796301,1.0901425278200711499,0.68220790154898125479,16.561711696070968713,1.8829369117417320556,2.8645140070108330299,0.68220790163956757102,1752,1752,0.0064141540788114070892,0,0
0.0029718103597430145339,0.5220048297112551694,1.0901425278250007622,0.68220790154929844551,16.561711696236081082,1.8829369117469691997,2.8645140070126382525,0.68220790163585109944,1753,1753,0.0064269565045833587646,0,0
0.0029718103597482945985,0.52200482970733630417,1.0901425278296763555,0.68220790154960142537,16.561711696393313531,1.8829369117513252707,2.8645140070108707775,0.68220790163230038416,1754,1754,0.0064397593960165977478,0,0
0.0029718103597533378733,0.5220048297042112484,1.0901425278341783098,0.68220790154989086052,16.561711696544062278,1.8829369117561345348,2.8645140070126715592,0.68220790162890809771,1755,1755,0.006452562287449836731,0,0
0.0029718103597581547667,0.52200482970060657628,1.0901425278384457851,0.68220790155016730605,16.561711696687588358,1.8829369117600838202,2.8645140070109071928,0.68220790162566657955,1756,1756,0.0064653647132217884064,0,0
0.0029718103597627561208,0.5220048296977816138,1.0901425278425542764,0.68220790155043142811,16.561711696825192064,1.882936911764498511,2.864514007012700425,0.6822079016225695014,1757,1757,0.0064781676046550273895,0,0
0.002971810359767150609,0.52200482969446493353,1.0901425278464478286,0.68220790155068355975,16.561711696956187723,1.8829369117680754275,2.8645140070109418318,0.68220790161961020193,1758,1758,0.0064909700304269790649,0,0
0.0029718103597713477725,0.52200482969191519533,1.0901425278501957195,0.68220790155092447815,16.561711697081818784,1.8829369117721286297,2.8645140070127368404,0.6822079016167805765,1759,1759,0.0065037729218602180481,0,0
0.0029718103597753567184,0.52200482968886241508,1.0901425278537446584,0.68220790155115451636,16.561711697201307203,1.882936911775360489,2.8645140070109786912,0.68220790161407951491,1760,1760,0.0065165758132934570312,0,0
0.0029718103597791852531,0.52200482968656125582,1.0901425278571681421,0.6822079015513742295,16.561711697315992353,1.8829369117790895061,2.864514007012764818,0.68220790161149780229,1761,1761,0.0065293782390654087067,0,0
0.0029718103597828420502,0.52200482968374994908,1.0901425278604019997,0.68220790155158417267,16.561711697425028689,1.882936911782006506,2.8645140070110142183,0.68220790160903022059,1762,1762,0.0065421811304986476898,0,0
0.0029718103597863344822,0.5220048296816767186,1.0901425278635292759,0.68220790155178456793,16.56171169752979111,1.8829369117854399818,2.8645140070128038978,0.68220790160667188484,1763,1763,0.0065549835562705993652,0,0
0.0029718103597896699218,0.52200482967908479193,1.090142527866476696,0.68220790155197597038,16.561711697629252882,1.8829369117880703222,2.8645140070110528541,0.68220790160441935335,1764,1764,0.0065677864477038383484,0,0
0.0029718103597928548741,0.5220048296772213936,1.0901425278693293031,0.68220790155215871309,16.561711697724863512,1.8829369117912286846,2.8645140070128425336,0.68220790160226607579,1765,1765,0.0065805893391370773315,0,0
0.002971810359795896278,0.52200482967482575436,1.0901425278720200396,0.68220790155233335117,16.5617116978156389,1.8829369117936023414,2.8645140070110799435,0.68220790160021071991,1766,1766,0.006593391764909029007,0,0
0.0029718103597988010725,0.52200482967315275928,1.0901425278746244008,0.68220790155249999565,16.561711697902921969,1.882936911796512236,2.8645140070128674026,0.68220790159824518106,1767,1767,0.0066061946563422679901,0,0
0.0029718103598015748953,0.52200482967093986275,1.0901425278770771055,0.68220790155265920163,16.561711697985753489,1.8829369117986483051,2.8645140070111088093,0.682207901596368127,1768,1768,0.0066189970821142196655,0,0
0.0029718103598042233844,0.52200482966944639074,1.0901425278794454332,0.68220790155281119116,16.561711698065352039,1.882936911801321278,2.8645140070129069265,0.68220790159457134205,1769,1769,0.0066317999735474586487,0,0
0.0029718103598067521776,0.52200482966739680801,1.0901425278816883058,0.68220790155295629731,16.56171169814102484,1.8829369118032497354,2.8645140070111496655,0.68220790159285793486,1770,1770,0.0066446023993194103241,0,0
0.0029718103598091673463,0.52200482966605932234,1.0901425278838527966,0.68220790155309496416,16.561711698213706256,1.8829369118057186494,2.8645140070129380128,0.68220790159121846852,1771,1771,0.0066574052907526493073,0,0
0.0029718103598114732275,0.52200482966416528186,1.0901425278858913881,0.68220790155322730275,16.561711698282667982,1.8829369118074417155,2.8645140070111856367,0.68220790158965360916,1772,1772,0.0066702081821858882904,0,0
0.0029718103598136745916,0.52200482966297112597,1.0901425278878704717,0.68220790155335364613,16.561711698349103727,1.8829369118097265545,2.8645140070129770926,0.68220790158815547422,1773,1773,0.0066830106079578399658,0,0
0.0029718103598157766428,0.52200482966121619643,1.0901425278897256543,0.68220790155347421635,16.561711698411915705,1.8829369118112653236,2.8645140070112153907,0.68220790158672905967,1774,1774,0.006695813499391078949,0,0
0.0029718103598177832841,0.52200482966015526731,1.0901425278915302108,0.6822079015535894575,16.561711698472553422,1.8829369118133749694,2.8645140070130068466,0.68220790158536059877,1775,1775,0.0067086159251630306244,0,0
0.0029718103598196988525,0.52200482965852512685,1.0901425278932250773,0.68220790155369936958,16.561711698529943959,1.8829369118147551987,2.8645140070112504738,0.68220790158405719694,1776,1776,0.0067214188165962696075,0,0
0.0029718103598215281184,0.52200482965758221443,1.0901425278948753128,0.68220790155380428565,16.561711698585281027,1.8829369118167100794,2.8645140070130290511,0.68220790158281052751,1777,1777,0.0067342217080295085907,0,0
0.0029718103598232736839,0.5220048296560707568,1.090142527896414304,0.68220790155390453879,16.561711698637601842,1.8829369118179337672,2.8645140070112811159,0.68220790158161837002,1778,1778,0.0067470241338014602661,0,0
0.0029718103598249407532,0.52200482965524275247,1.0901425278979151035,0.682207901554000129,16.561711698688107219,1.8829369118197401001,2.8645140070130756804,0.68220790158047717178,1779,1779,0.0067598270252346992493,0,0
0.0029718103598265314946,0.52200482965383376843,1.0901425278993197576,0.68220790155409150035,16.561711698735820164,1.8829369118208285627,2.8645140070113148667,0.68220790157939092957,1780,1780,0.0067726294510066509247,0,0
0.0029718103598280498114,0.52200482965310412986,1.0901425279006919933,0.68220790155417865286,16.561711698781923729,1.8829369118225063318,2.8645140070131001053,0.68220790157835042855,1781,1781,0.0067854323424398899078,0,0
0.0029718103598294991728,0.52200482965179251238,1.0901425279019687498,0.68220790155426180856,16.561711698825430261,1.8829369118234664526,2.8645140070113415121,0.68220790157735733406,1782,1782,0.006798235233873128891,0,0
0.0029718103598308826148,0.52200482965115535539,1.0901425279032210813,0.68220790155434118951,16.561711698867540576,1.8829369118250247617,2.8645140070131316357,0.68220790157640642803,1783,1783,0.0068110376596450805664,0,0
0.0029718103598322027394,0.52200482964993399904,1.090142527904379266,0.68220790155441690672,16.561711698907181756,1.8829369118258658666,2.8645140070113779274,0.68220790157549837662,1784,1784,0.0068238405510783195496,0,0
0.0029718103598334621486,0.52200482964938055286,1.0901425279055245721,0.68220790155448918224,16.561711698945618565,1.8829369118273187045,2.8645140070131693832,0.68220790157463184755,1785,1785,0.006836642976850271225,0,0
0.002971810359834664312,0.5220048296482348027,1.0901425279065837248,0.68220790155455823811,16.561711698981788743,1.8829369118280607776,2.8645140070114014641,0.68220790157380462038,1786,1786,0.0068494458682835102081,0,0
0.0029718103598358109642,0.52200482964775851702,1.0901425279076286667,0.68220790155462396331,16.561711699016896659,1.8829369118294132512,2.8645140070131964727,0.68220790157301247625,1787,1787,0.0068622487597167491913,0,0
0.0029718103598369055747,0.52200482964669148167,1.0901425279085839026,0.68220790155468680194,16.561711699049798341,1.8829369118300502972,2.8645140070114405439,0.68220790157225497108,1788,1788,0.0068750511854887008667,0,0
0.0029718103598379494446,0.52200482964628314164,1.0901425279095411369,0.68220790155474675398,16.561711699081907767,1.8829369118313161735,2.8645140070132342203,0.68220790157153143873,1789,1789,0.0068878540769219398499,0,0
0.0029718103598389451758,0.52200482964528205354,1.0901425279104104415,0.68220790155480393047,16.56171169911187846,1.8829369118318675103,2.8645140070114738506,0.68220790157084076899,1790,1790,0.0069006565026938915253,0,0
0.0029718103598398958043,0.52200482964493843951,1.0901425279112826328,0.68220790155485844242,16.561711699141163479,1.8829369118330476773,2.8645140070132657506,0.68220790157018029731,1791,1791,0.0069134593941271305084,0,0
0.0029718103598408017636,0.52200482964399574914,1.090142527912075332,0.68220790155491040085,16.561711699168476741,1.8829369118335221867,2.8645140070114964992,0.68220790156955135597,1792,1792,0.0069262622855603694916,0,0
0.0029718103598416660896,0.52200482964371330841,1.0901425279128675871,0.68220790155496002782,16.56171169919522157,1.8829369118346221956,2.8645140070132995014,0.68220790156894539624,1793,1793,0.006939064711332321167,0,0
0.0029718103598424905169,0.52200482964282557408,1.0901425279135896762,0.68220790155500732332,16.56171169922016162,1.8829369118350269829,2.8645140070115329145,0.68220790156836996765,1794,1794,0.0069518676027655601501,0,0
0.0029718103598432767803,0.52200482964259786733,1.0901425279143091007,0.6822079015550525094,16.561711699244522578,1.8829369118360534952,2.8645140070133354726,0.68220790156781663249,1795,1795,0.0069646700285375118256,0,0
0.0029718103598440261809,0.52200482964176142531,1.0901425279149636882,0.68220790155509547503,16.561711699267181785,1.8829369118363898927,2.8645140070115644448,0.68220790156729294029,1796,1796,0.0069774729199707508087,0,0
0.002971810359844740887,0.52200482964157846055,1.0901425279156267134,0.68220790155513655328,16.561711699289499933,1.8829369118373615599,2.8645140070133607857,0.68220790156678856597,1797,1797,0.0069902758114039897919,0,0
0.0029718103598454217659,0.52200482964079109038,1.0901425279162173521,0.68220790155517563313,16.561711699310112778,1.8829369118376342307,2.8645140070115986397,0.68220790156630906065,1798,1798,0.0070030782371759414673,0,0
0.0029718103598460714199,0.52200482964065242353,1.0901425279168208693,0.68220790155521282561,16.561711699330455616,1.8829369118385448356,2.8645140070133896515,0.6822079015658488732,1799,1799,0.0070158811286091804504,0,0
0.0029718103598466907161,0.52200482963990635366,1.0901425279173588834,0.68220790155524835274,16.561711699349249471,1.882936911838765992,2.8645140070116270614,0.68220790156541133431,1800,1800,0.0070286835543811321259,0,0
0.0029718103598472805221,0.5220048296398079879,1.0901425279179093319,0.68220790155528221455,16.561711699367833717,1.8829369118396233063,2.8645140070134176291,0.68220790156499033774,1801,1801,0.007041486445814371109,0,0
0.0029718103598478425725,0.52200482963910077583,1.0901425279183967199,0.68220790155531452204,16.561711699384929375,1.8829369118397940586,2.8645140070116554831,0.68220790156459110154,1802,1802,0.0070542893372476100922,0,0
0.0029718103598483781684,0.52200482963904204503,1.0901425279188958761,0.68220790155534527521,16.561711699401879372,1.8829369118406003025,2.8645140070134544885,0.68220790156420529904,1803,1803,0.0070670917630195617676,0,0
0.0029718103598488881771,0.52200482963837080419,1.0901425279193364126,0.68220790155537447408,16.561711699417440258,1.8829369118407242034,2.8645140070116950071,0.68220790156383992464,1804,1804,0.0070798946544528007507,0,0
0.0029718103598493743334,0.52200482963834216044,1.0901425279197967111,0.6822079015554024517,16.561711699432954958,1.8829369118414918116,2.8645140070134837984,0.68220790156348898314,1805,1805,0.0070926970802247524261,0,0
0.0029718103598498370709,0.52200482963770289402,1.0901425279201950591,0.68220790155542898603,16.561711699447055679,1.882936911841573302,2.8645140070117185438,0.68220790156315735953,1806,1806,0.0071054999716579914093,0,0
0.0029718103598502776906,0.52200482963770900025,1.0901425279206073959,0.68220790155545429911,16.561711699461135083,1.8829369118422911722,2.864514007013511776,0.68220790156283550587,1807,1807,0.0071183023974299430847,0,0
0.0029718103598506974937,0.52200482963709537998,1.0901425279209764341,0.68220790155547839095,16.56171169947413091,1.8829369118423460172,2.8645140070117522946,0.68220790156253108272,1808,1808,0.0071311052888631820679,0,0
0.0029718103598510969138,0.52200482963713157325,1.0901425279213490249,0.68220790155550126155,16.561711699486941995,1.8829369118430239194,2.8645140070135481913,0.68220790156223665157,1809,1809,0.007143908180296421051,0,0
0.0029718103598514772519,0.52200482963654570856,1.0901425279216794273,0.68220790155552313294,16.561711699498683714,1.8829369118430385743,2.8645140070117824926,0.68220790156195965093,1810,1810,0.0071567106060683727264,0,0
0.0029718103598518389417,0.52200482963660399527,1.0901425279220260389,0.68220790155554389411,16.561711699510468065,1.8829369118436924957,2.864514007013576613,0.682207901561691199,1811,1811,0.0071695134975016117096,0,0
0.0029718103598521832844,0.52200482963604533104,1.0901425279223175835,0.68220790155556365608,16.561711699521062258,1.8829369118436658503,2.8645140070118100262,0.68220790156143717997,1812,1812,0.007182315923273563385,0,0
0.0029718103598525102797,0.52200482963612759857,1.0901425279226353293,0.68220790155558241885,16.561711699531823427,1.8829369118442929043,2.8645140070136094756,0.68220790156119281988,1813,1813,0.0071951188147068023682,0,0
0.0029718103598528216626,0.5220048296355901396,1.0901425279228988963,0.68220790155560029344,16.561711699541472598,1.8829369118442378372,2.8645140070118406683,0.68220790156096022816,1814,1814,0.0072079217061400413513,0,0
0.0029718103598531174329,0.52200482963569494466,1.0901425279231868881,0.68220790155561727985,16.561711699551263877,1.8829369118448346931,2.864514007013641006,0.68220790156073718435,1815,1815,0.0072207241319119930267,0,0
0.0029718103598533984581,0.52200482963517758073,1.0901425279234240318,0.68220790155563337809,16.56171169956001421,1.8829369118447532028,2.8645140070118704223,0.68220790156052513176,1816,1816,0.0072335270233452320099,0,0
0.0029718103598536660392,0.52200482963530192571,1.0901425279236867105,0.68220790155564869917,16.561711699568974154,1.8829369118453249676,2.8645140070136725363,0.68220790156032040663,1817,1817,0.0072463294491171836853,0,0
0.0029718103598539197426,0.52200482963480476784,1.0901425279238978749,0.68220790155566324309,16.561711699576903811,1.8829369118452177201,2.8645140070119068376,0.68220790156012589556,1818,1818,0.0072591323405504226685,0,0
0.0029718103598541608691,0.52200482963494587718,1.0901425279241396815,0.68220790155567712088,16.561711699585082158,1.8829369118457692789,2.8645140070137062871,0.68220790155994037729,1819,1819,0.0072719352319836616516,0,0
0.0029718103598543898526,0.52200482963446204199,1.0901425279243326383,0.68220790155569022151,16.561711699592294167,1.8829369118456433796,2.8645140070119281539,0.68220790155976407387,1820,1820,0.007284737657755613327,0,0
0.0029718103598546071267,0.52200482963462135899,1.090142527924550242,0.682207901555702656,16.561711699599744207,1.8829369118461702914,2.8645140070137329324,0.68220790155959332157,1821,1821,0.0072975405491888523102,0,0
0.0029718103598548135588,0.52200482963415628657,1.0901425279247172195,0.68220790155571453539,16.561711699606259884,1.8829369118460173027,2.8645140070119632369,0.68220790155942945265,1822,1822,0.0073103429749608039856,0,0
0.0029718103598550091489,0.52200482963432848216,1.0901425279249210565,0.68220790155572574864,16.5617116996130882,1.8829369118465331123,2.8645140070137662391,0.68220790155927568676,1823,1823,0.0073231458663940429688,0,0
0.0029718103598551943306,0.52200482963387651036,1.0901425279250698264,0.68220790155573640678,16.561711699618989257,1.8829369118463608057,2.8645140070119921027,0.68220790155912580666,1824,1824,0.0073359487578272819519,0,0
0.0029718103598553704051,0.52200482963406558135,1.0901425279252510148,0.68220790155574650981,16.561711699625167427,1.8829369118468533006,2.8645140070138022104,0.68220790155898458629,1825,1825,0.0073487511835992336273,0,0
0.0029718103598555369385,0.52200482963362349054,1.0901425279253869061,0.68220790155575605773,16.561711699630546235,1.8829369118466685595,2.8645140070120191922,0.68220790155884813988,1826,1826,0.0073615540750324726105,0,0
0.0029718103598556943647,0.52200482963382610624,1.0901425279255505529,0.68220790155576516156,16.561711699636173734,1.8829369118471435129,2.8645140070138332966,0.6822079015587187989,1827,1827,0.0073743565008044242859,0,0
0.0029718103598558431172,0.52200482963339245313,1.09014252792567512,0.68220790155577359926,16.56171169964102674,1.8829369118469467814,2.8645140070120360676,0.68220790155859678539,1828,1828,0.007387159392237663269,0,0
0.0029718103598559844972,0.5220048296336083915,1.0901425279258234458,0.68220790155578170388,16.561711699646192386,1.8829369118474079681,2.8645140070138626065,0.68220790155847677028,1829,1829,0.0073999622836709022522,0,0
0.0029718103598561176372,0.52200482963318750596,1.0901425279259300272,0.68220790155578936442,16.561711699650572882,1.8829369118471925848,2.8645140070120715947,0.68220790155836308344,1830,1830,0.0074127647094428539276,0,0
0.0029718103598562434046,0.52200482963341188203,1.0901425279260672507,0.68220790155579658087,16.561711699655290886,1.8829369118476424472,2.8645140070138910282,0.68220790155825461465,1831,1831,0.0074255676008760929108,0,0
0.0029718103598563626669,0.5220048296330015436,1.0901425279261600654,0.68220790155580346426,16.561711699659227293,1.8829369118474135192,2.8645140070121017928,0.68220790155815058675,1832,1832,0.0074383700266480445862,0,0
0.0029718103598564745566,0.52200482963323391328,1.0901425279262866308,0.68220790155580990355,16.561711699663536734,1.8829369118478522793,2.8645140070139158972,0.68220790155805233201,1833,1833,0.0074511729180812835693,0,0
0.002971810359856579941,0.52200482963283634241,1.090142527926362126,0.68220790155581589875,16.561711699666997077,1.8829369118476053657,2.8645140070121324349,0.68220790155795696386,1834,1834,0.0074639758095145225525,0,0
0.0029718103598566796876,0.52200482963307415218,1.0901425279264813639,0.68220790155582167191,16.561711699671008091,1.8829369118480374645,2.8645140070139416544,0.68220790155786636966,1835,1835,0.0074767782352864742279,0,0
0.0029718103598567737963,0.52200482963268501901,1.090142527926546423,0.68220790155582711201,16.561711699674102505,1.8829369118477803369,2.8645140070121586362,0.68220790155777955022,1836,1836,0.0074895811267197132111,0,0
0.0029718103598568618336,0.5220048296329323767,1.0901425279266547808,0.68220790155583210801,16.561711699677740484,1.8829369118482022216,2.8645140070139731847,0.68220790155769761576,1837,1837,0.0075023835524916648865,0,0
0.0029718103598569446666,0.52200482963255045998,1.0901425279267098478,0.68220790155583688197,16.56171169968055068,1.8829369118479348799,2.8645140070121932752,0.68220790155761634743,1838,1838,0.0075151864439249038696,0,0
0.0029718103598570222955,0.52200482963280381288,1.0901425279268117663,0.68220790155584132286,16.561711699683904442,1.8829369118483514356,2.8645140070140069355,0.68220790155754185147,1839,1839,0.0075279893353581428528,0,0
0.0029718103598570951539,0.52200482963242700318,1.0901425279268577295,0.68220790155584554171,16.561711699686402,1.8829369118480729917,2.8645140070122159237,0.68220790155746779959,1840,1840,0.0075407917611300945282,0,0
0.0029718103598571636755,0.52200482963268923786,1.090142527926949656,0.68220790155584942749,16.561711699689453781,1.8829369118484808876,2.864514007014039354,0.6822079015573996319,1841,1841,0.0075535946525633335114,0,0
0.0029718103598572274265,0.52200482963231642497,1.0901425279269871815,0.68220790155585309122,16.561711699691645805,1.8829369118481917855,2.864514007012232355,0.68220790155733279647,1842,1842,0.0075663970783352851868,0,0
0.0029718103598572868408,0.5220048296325898729,1.0901425279270666735,0.68220790155585653292,16.561711699694406263,1.8829369118485885792,2.8645140070140757693,0.68220790155726884763,1843,1843,0.0075791999697685241699,0,0
0.002971810359857342352,0.5220048296322185033,1.0901425279271028668,0.68220790155585964154,16.561711699696406441,1.8829369118482983669,2.8645140070122585563,0.68220790155720911763,1844,1844,0.0075920023955404758453,0,0
0.00297181035985739396,0.52200482963249894564,1.0901425279271725888,0.68220790155586263914,16.561711699698932421,1.8829369118486853907,2.8645140070141072997,0.68220790155714861047,1845,1845,0.0076048052869737148285,0,0
0.0029718103598574420986,0.52200482963213001852,1.0901425279272081159,0.6822079015558654147,16.561711699700737199,1.8829369118483962886,2.8645140070122856457,0.68220790155709654101,1846,1846,0.0076176081784069538116,0,0
0.002971810359857486334,0.52200482963241767731,1.0901425279272662916,0.68220790155586796821,16.561711699703007383,1.8829369118487697676,2.8645140070141370536,0.68220790155703936453,1847,1847,0.0076304106041789054871,0,0
0.0029718103598575275337,0.52200482963205752096,1.0901425279272884961,0.68220790155587029968,16.561711699704542156,1.8829369118484666767,2.8645140070123229492,0.68220790155699007062,1848,1848,0.0076432134956121444702,0,0
0.0029718103598575652639,0.52200482963234251521,1.0901425279273524449,0.68220790155587252013,16.561711699706719969,1.8829369118488472612,2.8645140070141583699,0.68220790155694044365,1849,1849,0.0076560159213840961456,0,0
0.0029718103598575999584,0.52200482963199179576,1.0901425279273633251,0.68220790155587451853,16.561711699708013157,1.8829369118485332901,2.8645140070123602527,0.68220790155689392531,1850,1850,0.0076688188128173351288,0,0
0.0029718103598576316171,0.52200482963227790023,1.0901425279274239433,0.68220790155587629489,16.561711699710027546,1.8829369118489096557,2.8645140070141841271,0.68220790155684896128,1851,1851,0.0076816217042505741119,0,0
0.0029718103598576606737,0.52200482963193106656,1.0901425279274314928,0.68220790155587796022,16.561711699711157308,1.8829369118485934642,2.8645140070123886744,0.68220790155680710587,1852,1852,0.0076944241300225257874,0,0
0.0029718103598576875619,0.52200482963222116783,1.0901425279274856717,0.68220790155587951453,16.561711699713001167,1.8829369118489622803,2.8645140070142107724,0.68220790155676513944,1853,1853,0.0077072270214557647705,0,0
0.0029718103598577114144,0.52200482963187688767,1.0901425279274901126,0.6822079015558808468,16.561711699713999479,1.8829369118486432022,2.8645140070124139875,0.68220790155672672572,1854,1854,0.0077200294472277164459,0,0
0.0029718103598577330984,0.52200482963217154087,1.0901425279275367419,0.68220790155588206805,16.561711699715626622,1.8829369118490035806,2.8645140070142325328,0.68220790155668886712,1855,1855,0.0077328323386609554291,0,0
0.0029718103598577521804,0.52200482963183114649,1.0901425279275365199,0.68220790155588317827,16.561711699716482826,1.8829369118486800616,2.8645140070124388565,0.682207901556653451,1856,1856,0.0077456352300941944122,0,0
0.0029718103598577695276,0.5220048296321289083,1.0901425279275798186,0.68220790155588417747,16.561711699717957202,1.8829369118490375534,2.8645140070142574018,0.68220790155661981125,1857,1857,0.0077584376558661460876,0,0
0.0029718103598577838391,0.5220048296317933989,1.0901425279275727132,0.68220790155588506565,16.561711699718689061,1.8829369118487064849,2.8645140070124699427,0.68220790155658517229,1858,1858,0.0077712405472993850708,0,0
0.0029718103598577968495,0.52200482963209193787,1.0901425279276171221,0.68220790155588573178,16.561711699720124358,1.8829369118490668633,2.8645140070142907085,0.68220790155655397502,1859,1859,0.0077840429730713367462,0,0
0.0029718103598578076915,0.52200482963175875994,1.0901425279276055758,0.68220790155588639792,16.561711699720728319,1.8829369118487304657,2.8645140070124992526,0.68220790155652177855,1860,1860,0.0077968458645045757294,0,0
0.0029718103598578167988,0.52200482963205951936,1.0901425279276470981,0.68220790155588695303,16.561711699721996638,1.8829369118490877355,2.8645140070143138011,0.68220790155649557729,1861,1861,0.0078096487559378147125,0,0
0.0029718103598578241714,0.5220048296317306713,1.0901425279276286684,0.68220790155588728609,16.561711699722451385,1.8829369118487435664,2.8645140070125245657,0.6822079015564652682,1862,1862,0.0078224511817097663879,0,0
0.0029718103598578293756,0.52200482963203320708,1.090142527927671523,0.68220790155588761916,16.561711699723709046,1.8829369118491048329,2.8645140070143493283,0.68220790155644028818,1863,1863,0.0078352540731430053711,0,0
0.0029718103598578337124,0.52200482963170347084,1.0901425279276530933,0.68220790155588795223,16.561711699724046554,1.8829369118487602197,2.8645140070125454379,0.68220790155641486407,1864,1864,0.0078480569645762443542,0,0
0.0029718103598578363145,0.52200482963200978137,1.0901425279276899527,0.68220790155588806325,16.561711699725186975,1.8829369118491143809,2.8645140070143733091,0.68220790155639099428,1865,1865,0.0078608589246869087219,0,0
0.0029718103598578371818,0.52200482963168526318,1.0901425279276657498,0.68220790155588806325,16.561711699725417901,1.8829369118487646606,2.8645140070125805209,0.68220790155636623631,1866,1866,0.0078736618161201477051,0,0
0.0029718103598578371818,0.52200482963199135167,1.0901425279277010549,0.68220790155588806325,16.561711699726469504,1.8829369118491163793,2.864514007014397734,0.68220790155634503105,1867,1867,0.0078864647075533866882,0,0
0.0029718103598578354471,0.52200482963166916495,1.0901425279276748537,0.68220790155588795223,16.561711699726636482,1.8829369118487651047,2.8645140070126093867,0.68220790155632182739,1868,1868,0.0078992675989866256714,0,0
0.002971810359857832845,0.52200482963197847308,1.0901425279277059399,0.68220790155588784121,16.561711699727599267,1.8829369118491123825,2.8645140070144305966,0.6822079015563015103,1869,1869,0.0079120704904198646545,0,0
0.0029718103598578285082,0.5220048296316555092,1.0901425279276790725,0.68220790155588761916,16.561711699727649005,1.8829369118487593315,2.8645140070126271503,0.68220790155628274753,1870,1870,0.0079248724505305290222,0,0
0.0029718103598578233041,0.52200482963196714881,1.0901425279277077163,0.68220790155588728609,16.561711699728547842,1.8829369118491046109,2.8645140070144532451,0.6822079015562636517,1871,1871,0.0079376753419637680054,0,0
0.0029718103598578176662,0.52200482963164562822,1.0901425279276801827,0.68220790155588695303,16.561711699728551395,1.8829369118487520041,2.8645140070126533516,0.68220790155624633222,1872,1872,0.0079504782333970069885,0,0
0.0029718103598578102936,0.52200482963195726782,1.0901425279277090485,0.68220790155588650894,16.561711699729411151,1.8829369118490975055,2.8645140070144750055,0.68220790155622890172,1873,1873,0.0079632811248302459717,0,0
0.0029718103598578020537,0.52200482963163863381,1.0901425279276786284,0.68220790155588606485,16.561711699729386282,1.8829369118487426782,2.8645140070126844378,0.68220790155621091611,1874,1874,0.0079760840162634849548,0,0
0.0029718103598577929464,0.52200482963195238284,1.090142527927701277,0.68220790155588550974,16.561711699730100378,1.8829369118490795199,2.8645140070144976541,0.68220790155619570605,1875,1875,0.0079888859763741493225,0,0
0.0029718103598577829717,0.52200482963163552519,1.090142527927671745,0.68220790155588495463,16.561711699730093272,1.8829369118487275792,2.8645140070127195209,0.68220790155617749839,1876,1876,0.0080016888678073883057,0,0
0.0029718103598577725634,0.52200482963195016239,1.090142527927691507,0.68220790155588439951,16.561711699730722103,1.8829369118490606461,2.8645140070145265199,0.68220790155616384265,1877,1877,0.0080144917592406272888,0,0
0.0029718103598577612877,0.52200482963163186145,1.0901425279276641955,0.68220790155588373338,16.56171169973064039,1.8829369118487111479,2.8645140070127372844,0.68220790155615018691,1878,1878,0.008027294650673866272,0,0
0.0029718103598577487109,0.52200482963194849706,1.0901425279276821811,0.68220790155588295622,16.561711699731251457,1.8829369118490428825,2.8645140070145513889,0.6822079015561361981,1879,1879,0.0080400975421071052551,0,0
0.0029718103598577357005,0.52200482963163363781,1.0901425279276497626,0.68220790155588229009,16.561711699731095138,1.8829369118486880552,2.8645140070127665943,0.68220790155612243133,1880,1880,0.0080528995022177696228,0,0
0.0029718103598577222564,0.52200482963195005137,1.0901425279276684144,0.68220790155588151293,16.561711699731660019,1.882936911849020456,2.8645140070145762579,0.68220790155611088501,1881,1881,0.008065702393651008606,0,0
0.0029718103598577075113,0.52200482963163830075,1.0901425279276304448,0.68220790155588062476,16.561711699731404224,1.8829369118486591894,2.8645140070127941279,0.68220790155609756233,1882,1882,0.0080785052850842475891,0,0
0.0029718103598576923324,0.52200482963195382613,1.090142527927651761,0.68220790155587973658,16.561711699731965552,1.8829369118489953649,2.864514007014602015,0.68220790155608779237,1883,1883,0.0080913081765174865723,0,0
0.0029718103598576767199,0.52200482963164074324,1.0901425279276153457,0.6822079015558788484,16.561711699731734626,1.8829369118486354306,2.8645140070128158882,0.68220790155607458072,1884,1884,0.0081041110679507255554,0,0
0.00297181035985766024,0.52200482963195693475,1.0901425279276375502,0.68220790155587796022,16.561711699732285297,1.8829369118489736046,2.8645140070146277722,0.68220790155606569893,1885,1885,0.0081169130280613899231,0,0
0.0029718103598576437602,0.52200482963164740458,1.0901425279275935853,0.68220790155587696102,16.561711699731937131,1.8829369118486041224,2.8645140070128416454,0.6822079015560525983,1886,1886,0.0081297159194946289062,0,0
0.0029718103598576264129,0.52200482963196748187,1.0901425279276113489,0.68220790155587596182,16.561711699732416747,1.8829369118489382995,2.8645140070146619671,0.68220790155604393856,1887,1887,0.0081425188109278678894,0,0
0.002971810359857608632,0.52200482963165417694,1.0901425279275740454,0.68220790155587496262,16.561711699732107661,1.8829369118485768109,2.8645140070128674026,0.68220790155603328042,1888,1888,0.0081553217023611068726,0,0
0.0029718103598575904174,0.52200482963197547548,1.0901425279275887004,0.68220790155587396342,16.561711699732537539,1.8829369118489069912,2.8645140070146872802,0.68220790155602484273,1889,1889,0.0081681245937943458557,0,0
0.0029718103598575722028,0.52200482963166172645,1.0901425279275531732,0.68220790155587285319,16.561711699732207137,1.8829369118485479451,2.8645140070128900511,0.68220790155601618299,1890,1890,0.0081809265539050102234,0,0
0.0029718103598575535546,0.522004829631983025,1.0901425279275678282,0.68220790155587185399,16.56171169973262991,1.8829369118488783474,2.8645140070147094846,0.68220790155600785631,1891,1891,0.0081937294453382492065,0,0
0.0029718103598575340389,0.52200482963167149641,1.0901425279275291924,0.68220790155587074377,16.561711699732281744,1.8829369118485155266,2.864514007012919361,0.68220790155599808635,1892,1892,0.0082065323367714881897,0,0
0.0029718103598575136559,0.52200482963199290598,1.0901425279275411828,0.68220790155586952253,16.56171169973259083,1.8829369118488417101,2.8645140070147254718,0.6822079015559928683,1893,1893,0.0082193352282047271729,0,0
0.0029718103598574937066,0.52200482963168259865,1.0901425279275014368,0.6822079015558684123,16.561711699732224901,1.8829369118484784451,2.8645140070129389009,0.68220790155598298732,1894,1894,0.008232138119637966156,0,0
0.0029718103598574733236,0.52200482963200689479,1.0901425279275107627,0.68220790155586719106,16.561711699732558856,1.8829369118488021861,2.8645140070147592226,0.68220790155597510473,1895,1895,0.0082449400797486305237,0,0
0.0029718103598574525069,0.52200482963169458905,1.0901425279274754576,0.68220790155586596981,16.561711699732189373,1.8829369118484446943,2.8645140070129668786,0.68220790155596833237,1896,1896,0.0082577429711818695068,0,0
0.0029718103598574316902,0.5220048296320188852,1.090142527927482341,0.68220790155586485959,16.561711699732427405,1.8829369118487646606,2.8645140070147765421,0.68220790155596278126,1897,1897,0.00827054586261510849,0,0
0.0029718103598574104399,0.52200482963170713457,1.0901425279274468139,0.68220790155586363834,16.561711699732079239,1.8829369118484073908,2.864514007012989083,0.68220790155595489868,1898,1898,0.0082833487540483474731,0,0
0.0029718103598573891895,0.5220048296320303205,1.0901425279274556956,0.6822079015558624171,16.561711699732349246,1.8829369118487293555,2.8645140070147969702,0.68220790155594923654,1899,1899,0.0082961516454815864563,0,0
0.0029718103598573675055,0.52200482963172256667,1.0901425279274168378,0.68220790155586108483,16.561711699731962,1.8829369118483703094,2.864514007013023722,0.68220790155594102089,1900,1900,0.008308953605592250824,0,0
0.0029718103598573453877,0.52200482963204597464,1.0901425279274221669,0.68220790155585986358,16.561711699732164504,1.8829369118486865009,2.8645140070148236155,0.68220790155593602488,1901,1901,0.0083217564970254898071,0,0
0.0029718103598573228363,0.52200482963173799877,1.0901425279273857516,0.68220790155585853132,16.561711699731770153,1.8829369118483310075,2.8645140070130512555,0.68220790155592936355,1902,1902,0.0083345593884587287903,0,0
0.0029718103598573007186,0.52200482963205996345,1.0901425279273917468,0.68220790155585731007,16.561711699731965552,1.882936911848646977,2.8645140070148427114,0.6822079015559251447,1903,1903,0.0083473622798919677734,0,0
0.0029718103598572777335,0.52200482963175154349,1.0901425279273568858,0.6822079015558559778,16.561711699731553438,1.882936911848293926,2.8645140070130690191,0.68220790155592025972,1904,1904,0.0083601651713252067566,0,0
0.0029718103598572551821,0.52200482963207672782,1.090142527927357774,0.68220790155585464554,16.561711699731731073,1.8829369118486041224,2.8645140070148698008,0.68220790155591348736,1905,1905,0.0083729671314358711243,0,0
0.002971810359857232197,0.52200482963176531026,1.0901425279273273539,0.68220790155585342429,16.56171169973134738,1.8829369118482561785,2.8645140070130881149,0.68220790155591026771,1906,1906,0.0083857700228691101074,0,0
0.0029718103598572092119,0.52200482963209327014,1.0901425279273255775,0.68220790155585209202,16.561711699731485936,1.8829369118485643764,2.8645140070148968903,0.68220790155590349535,1907,1907,0.0083985729143023490906,0,0
0.0029718103598571857932,0.52200482963178318485,1.090142527927293381,0.68220790155585075976,16.561711699731091585,1.8829369118482144341,2.8645140070131192012,0.68220790155589960957,1908,1908,0.0084113758057355880737,0,0
0.0029718103598571619407,0.52200482963210925735,1.0901425279272947133,0.68220790155584931647,16.561711699731247904,1.8829369118485261847,2.8645140070149239797,0.68220790155589394743,1909,1909,0.0084241786971688270569,0,0
0.0029718103598571380883,0.52200482963180228069,1.0901425279272551894,0.6822079015558479842,16.561711699730743419,1.8829369118481666945,2.8645140070131436261,0.68220790155588995063,1910,1910,0.0084369806572794914246,0,0
0.0029718103598571142358,0.52200482963212557763,1.0901425279272614066,0.68220790155584665193,16.561711699730942371,1.8829369118484839962,2.8645140070149430755,0.68220790155588573178,1911,1911,0.0084497835487127304077,0,0
0.0029718103598570903834,0.52200482963182015528,1.0901425279272196622,0.68220790155584520864,16.561711699730444991,1.8829369118481220635,2.8645140070131698273,0.68220790155588006964,1912,1912,0.0084625864401459693909,0,0
0.0029718103598570660973,0.52200482963214223098,1.090142527927228544,0.68220790155584387637,16.561711699730647496,1.8829369118484433621,2.8645140070149657241,0.68220790155587729409,1913,1913,0.008475389331579208374,0,0
0.0029718103598570418111,0.52200482963183647556,1.0901425279271861335,0.68220790155584243308,16.561711699730135905,1.882936911848079875,2.8645140070131884791,0.68220790155587174297,1914,1914,0.0084881922230124473572,0,0
0.0029718103598570179587,0.52200482963216121579,1.0901425279271932389,0.68220790155584110082,16.56171169973029933,1.8829369118484002854,2.8645140070149937017,0.68220790155586952253,1915,1915,0.0085009941831231117249,0,0
0.0029718103598569932389,0.52200482963185579344,1.0901425279271481639,0.68220790155583965753,16.561711699729755765,1.8829369118480323575,2.8645140070132111276,0.68220790155586363834,1916,1916,0.008513797074556350708,0,0
0.0029718103598569689527,0.52200482963217931243,1.0901425279271577118,0.68220790155583832526,16.561711699729940506,1.8829369118483560985,2.8645140070150159062,0.68220790155586208403,1917,1917,0.0085265999659895896912,0,0
0.0029718103598569446666,0.52200482963187389007,1.090142527927113747,0.68220790155583688197,16.56171169972939694,1.882936911847990169,2.8645140070132342203,0.68220790155585686598,1918,1918,0.0085394028574228286743,0,0
0.0029718103598569203805,0.52200482963219507759,1.0901425279271268476,0.68220790155583543868,16.561711699729599445,1.8829369118483176848,2.8645140070150323375,0.68220790155585675496,1919,1919,0.0085522057488560676575,0,0
0.0029718103598568960944,0.52200482963189198671,1.0901425279270802182,0.68220790155583410641,16.561711699729059433,1.8829369118479493128,2.8645140070132604215,0.68220790155584987158,1920,1920,0.0085650077089667320251,0,0
0.0029718103598568718082,0.52200482963221839228,1.090142527927084215,0.68220790155583266312,16.56171169972918733,1.8829369118482661705,2.8645140070150678646,0.68220790155584709602,1921,1921,0.0085778106003999710083,0,0
0.0029718103598568470884,0.52200482963191219277,1.0901425279270431368,0.68220790155583133085,16.56171169972868995,1.8829369118479046818,2.8645140070132906196,0.68220790155584187797,1922,1922,0.0085906134918332099915,0,0
0.0029718103598568228023,0.52200482963223471256,1.0901425279270531288,0.68220790155582988756,16.561711699728832059,1.8829369118482282008,2.8645140070150860723,0.68220790155584232206,1923,1923,0.0086034163832664489746,0,0
0.0029718103598567980825,0.52200482963192884611,1.0901425279270091639,0.68220790155582844427,16.561711699728292047,1.8829369118478618272,2.8645140070133030541,0.68220790155583699299,1924,1924,0.0086162192746996879578,0,0
0.0029718103598567733627,0.52200482963225403044,1.0901425279270149371,0.68220790155582700098,16.561711699728398628,1.8829369118481802392,2.864514007015104724,0.68220790155583621583,1925,1925,0.0086290212348103523254,0,0
0.0029718103598567486429,0.52200482963194794195,1.0901425279269714164,0.68220790155582566872,16.56171169972785151,1.8829369118478147538,2.8645140070133199295,0.6822079015558315529,1926,1926,0.0086418241262435913086,0,0
0.002971810359856723923,0.52200482963227323729,1.0901425279269798541,0.68220790155582422543,16.561711699728025593,1.8829369118481378287,2.8645140070151313694,0.68220790155582966552,1927,1927,0.0086546270176768302917,0,0
0.0029718103598566992032,0.52200482963196814801,1.0901425279269341129,0.68220790155582278214,16.561711699727425184,1.8829369118477692346,2.8645140070133452426,0.68220790155582577974,1928,1928,0.0086674299091100692749,0,0
0.0029718103598566744834,0.52200482963229521971,1.090142527926939886,0.68220790155582133885,16.561711699727560188,1.882936911848089867,2.864514007015159347,0.68220790155582378134,1929,1929,0.0086802318692207336426,0,0
0.0029718103598566497636,0.52200482963198513442,1.0901425279269012503,0.68220790155581989556,16.56171169972702728,1.8829369118477286005,2.8645140070133607857,0.68220790155582156089,1930,1930,0.0086930347606539726257,0,0
0.0029718103598566250438,0.52200482963231442657,1.0901425279269030266,0.68220790155581856329,16.56171169972714452,1.88293691184804457,2.8645140070151802192,0.68220790155581789715,1931,1931,0.0087058376520872116089,0,0
0.002971810359856600324,0.52200482963200667275,1.0901425279268621704,0.68220790155581712,16.561711699726579639,1.8829369118476817491,2.8645140070133892074,0.68220790155581556569,1932,1932,0.008718640543520450592,0,0
0.0029718103598565756042,0.52200482963233341138,1.0901425279268674995,0.68220790155581567671,16.561711699726711089,1.8829369118480008272,2.8645140070152002032,0.68220790155581345626,1933,1933,0.0087314434349536895752,0,0
0.0029718103598565508844,0.52200482963202743392,1.0901425279268255331,0.68220790155581423342,16.561711699726121338,1.8829369118476382283,2.8645140070134149646,0.68220790155581156888,1934,1934,0.0087442453950643539429,0,0
0.0029718103598565261646,0.52200482963235206313,1.0901425279268330826,0.68220790155581290115,16.561711699726291869,1.8829369118479593048,2.8645140070152215195,0.68220790155580923741,1935,1935,0.008757048286497592926,0,0
0.0029718103598565014448,0.52200482963204741793,1.0901425279267875634,0.68220790155581145786,16.561711699725677249,1.882936911847591599,2.8645140070134367249,0.68220790155580612879,1936,1936,0.0087698511779308319092,0,0
0.002971810359856476725,0.5220048296323728243,1.0901425279267946689,0.68220790155581001457,16.561711699725812252,1.8829369118479126755,2.8645140070152432799,0.68220790155580490755,1937,1937,0.0087826540693640708923,0,0
0.0029718103598564524388,0.52200482963206695786,1.090142527926750482,0.68220790155580857128,16.561711699725218949,1.8829369118475460798,2.8645140070134558208,0.6822079015558016879,1938,1938,0.0087954569607973098755,0,0
0.002971810359856427719,0.52200482963239513978,1.0901425279267529245,0.68220790155580723901,16.561711699725332636,1.8829369118478618272,2.8645140070152694811,0.68220790155579857927,1939,1939,0.0088082589209079742432,0,0
0.0029718103598564029992,0.52200482963208527654,1.0901425279267160651,0.68220790155580579572,16.561711699724785518,1.8829369118475038913,2.8645140070134735844,0.68220790155579802416,1940,1940,0.0088210618123412132263,0,0
0.0029718103598563782794,0.52200482963241467971,1.0901425279267165092,0.68220790155580435243,16.5617116997248921,1.8829369118478176404,2.8645140070152907974,0.68220790155579391634,1941,1941,0.0088338647037744522095,0,0
0.0029718103598563539933,0.52200482963210637077,1.0901425279266789836,0.68220790155580302017,16.561711699724334323,1.8829369118474601486,2.8645140070135020061,0.68220790155579336123,1942,1942,0.0088466675952076911926,0,0
0.0029718103598563292735,0.52200482963243588497,1.090142527926676097,0.68220790155580157688,16.56171169972439472,1.8829369118477679024,2.8645140070153112255,0.68220790155578914238,1943,1943,0.0088594704866409301758,0,0
0.0029718103598563049873,0.52200482963212635479,1.0901425279266434565,0.68220790155580013359,16.56171169972389734,1.882936911847417516,2.864514007013526431,0.68220790155578914238,1944,1944,0.0088722724467515945435,0,0
0.0029718103598562802675,0.52200482963245453671,1.090142527926641014,0.6822079015557986903,16.56171169972393642,1.8829369118477248257,2.8645140070153276568,0.68220790155578603375,1945,1945,0.0088850753381848335266,0,0
0.0029718103598562555477,0.5220048296321483372,1.0901425279266026003,0.68220790155579735803,16.561711699723403513,1.882936911847368,2.8645140070135513,0.68220790155578403535,1946,1946,0.0088978782296180725098,0,0
0.0029718103598562312616,0.52200482963247452073,1.0901425279266032664,0.68220790155579591474,16.561711699723428382,1.8829369118476788625,2.8645140070153445322,0.68220790155578336922,1947,1947,0.0089106811210513114929,0,0
0.0029718103598562069755,0.52200482963216865429,1.0901425279265670731,0.68220790155579458247,16.561711699722973634,1.8829369118473258116,2.8645140070135788335,0.68220790155577937242,1948,1948,0.0089234840124845504761,0,0
0.0029718103598561826893,0.52200482963249483781,1.0901425279265672952,0.68220790155579313918,16.56171169972298074,1.8829369118476357858,2.8645140070153694012,0.68220790155577926139,1949,1949,0.0089362859725952148438,0,0
0.0029718103598561584032,0.52200482963218830523,1.090142527926531768,0.68220790155579169589,16.561711699722518887,1.8829369118472836231,2.8645140070136005939,0.68220790155577604175,1950,1950,0.0089490888640284538269,0,0
0.0029718103598561341171,0.52200482963251426671,1.0901425279265322121,0.68220790155579036362,16.561711699722582836,1.8829369118475938194,2.8645140070153951584,0.68220790155577371028,1951,1951,0.0089618917554616928101,0,0
0.0029718103598561098309,0.52200482963220973254,1.0901425279264931323,0.68220790155578892033,16.561711699722021507,1.8829369118472369937,2.8645140070136245747,0.68220790155577237801,1952,1952,0.0089746946468949317932,0,0
0.0029718103598560859785,0.52200482963253480584,1.0901425279264937984,0.68220790155578758807,16.561711699722081903,1.8829369118475467459,2.8645140070154146983,0.68220790155577026859,1953,1953,0.0089874975383281707764,0,0
0.0029718103598560616924,0.52200482963223049371,1.0901425279264549406,0.68220790155578614478,16.561711699721513469,1.8829369118471908084,2.8645140070136441146,0.68220790155576938041,1954,1954,0.009000299498438835144,0,0
0.0029718103598560378399,0.52200482963255678825,1.0901425279264538304,0.68220790155578481251,16.561711699721570312,1.8829369118474985623,2.8645140070154386791,0.68220790155576638281,1955,1955,0.0090131023898720741272,0,0
0.0029718103598560139875,0.52200482963224892341,1.0901425279264209678,0.68220790155578348024,16.561711699721080038,1.8829369118471497302,2.8645140070136636545,0.68220790155576593872,1956,1956,0.0090259052813053131104,0,0
0.0029718103598559897013,0.52200482963257488489,1.0901425279264196355,0.68220790155578203695,16.561711699721115565,1.8829369118474568179,2.8645140070154537781,0.68220790155576371827,1957,1957,0.0090387081727385520935,0,0
0.0029718103598559658489,0.52200482963226868538,1.0901425279263834422,0.68220790155578070468,16.561711699720568447,1.8829369118471035449,2.8645140070136783095,0.68220790155576360725,1958,1958,0.0090515110641717910767,0,0
0.0029718103598559419964,0.52200482963259797753,1.0901425279263781132,0.68220790155577937242,16.561711699720603974,1.8829369118474070799,2.8645140070154813117,0.68220790155575872227,1959,1959,0.0090643130242824554443,0,0
0.002971810359855918144,0.52200482963229088984,1.0901425279263436963,0.68220790155577792913,16.561711699720095936,1.8829369118470560274,2.8645140070137071753,0.68220790155575816716,1960,1960,0.0090771159157156944275,0,0
0.0029718103598558947252,0.52200482963261440883,1.0901425279263452506,0.68220790155577659686,16.561711699720138569,1.8829369118473660016,2.8645140070154888612,0.68220790155575739,1961,1961,0.0090899188071489334106,0,0
0.0029718103598558708728,0.52200482963231087385,1.0901425279263061707,0.68220790155577526459,16.561711699719591451,1.8829369118470102862,2.8645140070137240507,0.68220790155575550262,1962,1962,0.0091027216985821723938,0,0
0.002971810359855847454,0.52200482963263261649,1.0901425279263103896,0.68220790155577393232,16.56171169971966961,1.8829369118473227029,2.8645140070155012957,0.68220790155575483649,1963,1963,0.009115524590015411377,0,0
0.0029718103598558240352,0.52200482963233130196,1.0901425279262682011,0.68220790155577260006,16.561711699719115387,1.8829369118469638789,2.8645140070137449229,0.68220790155575128377,1964,1964,0.0091283265501260757446,0,0
0.0029718103598558001828,0.52200482963265570913,1.0901425279262688672,0.68220790155577115677,16.561711699719126045,1.882936911847273187,2.8645140070155270529,0.68220790155575128377,1965,1965,0.0091411294415593147278,0,0
0.002971810359855776764,0.52200482963235017575,1.0901425279262324519,0.6822079015557698245,16.561711699718632218,1.8829369118469201361,2.8645140070137600219,0.68220790155574884128,1966,1966,0.0091539323329925537109,0,0
0.0029718103598557529116,0.52200482963267691439,1.0901425279262315637,0.68220790155576849223,16.561711699718649982,1.882936911847228556,2.8645140070155532541,0.68220790155574750901,1967,1967,0.0091667352244257926941,0,0
0.0029718103598557294928,0.52200482963237060385,1.0901425279261951484,0.68220790155576715996,16.561711699718145496,1.8829369118468752831,2.8645140070137808941,0.68220790155574551061,1968,1968,0.0091795381158590316772,0,0
0.0029718103598557065077,0.52200482963269834169,1.0901425279261933721,0.68220790155576582769,16.561711699718191682,1.8829369118471830369,2.8645140070155807877,0.68220790155574251301,1969,1969,0.0091923400759696960449,0,0
0.002971810359855683089,0.52200482963239047685,1.0901425279261605095,0.68220790155576449543,16.561711699717690749,1.8829369118468342048,2.8645140070138048749,0.68220790155574262403,1970,1970,0.0092051429674029350281,0,0
0.0029718103598556605376,0.52200482963271688241,1.0901425279261598433,0.68220790155576316316,16.561711699717761803,1.8829369118471428468,2.8645140070156012158,0.68220790155573929336,1971,1971,0.0092179458588361740112,0,0
0.0029718103598556371188,0.52200482963241023882,1.0901425279261245382,0.68220790155576183089,16.561711699717193369,1.8829369118467906841,2.8645140070138230826,0.68220790155574062563,1972,1972,0.0092307487502694129944,0,0
0.0029718103598556145674,0.52200482963273664438,1.0901425279261218737,0.68220790155576049862,16.561711699717228896,1.8829369118470959954,2.8645140070156140943,0.68220790155573751701,1973,1973,0.0092435516417026519775,0,0
0.0029718103598555915823,0.52200482963242944567,1.090142527926088567,0.68220790155575927738,16.561711699716692436,1.8829369118467467192,2.8645140070138381816,0.68220790155573873825,1974,1974,0.0092563536018133163452,0,0
0.0029718103598555685972,0.52200482963275507409,1.0901425279260876788,0.68220790155575794511,16.561711699716759938,1.8829369118470544731,2.8645140070156300816,0.68220790155573529656,1975,1975,0.0092691564932465553284,0,0
0.0029718103598555460458,0.52200482963244976276,1.0901425279260525958,0.68220790155575661284,16.5617116997162519,1.8829369118467043087,2.8645140070138643829,0.68220790155573429736,1976,1976,0.0092819593846797943115,0,0
0.0029718103598555230607,0.52200482963277383686,1.0901425279260514856,0.68220790155575528058,16.561711699716283874,1.8829369118470098421,2.8645140070156438483,0.68220790155573229896,1977,1977,0.0092947622761130332947,0,0
0.0029718103598555005093,0.52200482963247052393,1.0901425279260152923,0.68220790155575394831,16.561711699715747415,1.8829369118466594557,2.8645140070138856991,0.68220790155573174385,1978,1978,0.0093075651675462722778,0,0
0.0029718103598554775242,0.52200482963279570825,1.0901425279260106294,0.68220790155575261604,16.561711699715747415,1.8829369118469598821,2.8645140070156638323,0.68220790155572885727,1979,1979,0.0093203671276569366455,0,0
0.0029718103598554549728,0.52200482963249117407,1.0901425279259793211,0.6822079015557513948,16.561711699715310431,1.8829369118466168231,2.8645140070139141208,0.68220790155572719193,1980,1980,0.0093331700190901756287,0,0
0.0029718103598554324214,0.52200482963281280568,1.0901425279259771006,0.68220790155575006253,16.561711699715274904,1.8829369118469183597,2.8645140070156727141,0.68220790155572741398,1981,1981,0.0093459729105234146118,0,0
0.00297181035985540987,0.52200482963251026991,1.0901425279259437939,0.68220790155574884128,16.561711699714855683,1.8829369118465737465,2.8645140070139327726,0.68220790155572375024,1982,1982,0.009358775801956653595,0,0
0.0029718103598553877523,0.52200482963283256765,1.0901425279259397971,0.68220790155574750901,16.561711699714763313,1.8829369118468728406,2.8645140070156882572,0.68220790155572508251,1983,1983,0.0093715786933898925781,0,0
0.0029718103598553652009,0.52200482963252936575,1.0901425279259078227,0.68220790155574617675,16.561711699714336987,1.8829369118465297817,2.8645140070139456512,0.68220790155572264002,1984,1984,0.0093843806535005569458,0,0
0.0029718103598553430832,0.52200482963285266269,1.0901425279259056023,0.6822079015557449555,16.56171169971434054,1.8829369118468324285,2.8645140070157166789,0.68220790155572108571,1985,1985,0.009397183544933795929,0,0
0.0029718103598553205318,0.52200482963254890567,1.0901425279258720735,0.68220790155574362323,16.561711699713860924,1.882936911846486483,2.8645140070139643029,0.68220790155571986446,1986,1986,0.0094099864363670349121,0,0
0.0029718103598552988477,0.52200482963287375693,1.0901425279258678547,0.68220790155574240199,16.561711699713832502,1.8829369118467873534,2.8645140070157393275,0.68220790155571842117,1987,1987,0.0094227893278002738953,0,0
0.00297181035985527673,0.52200482963256689128,1.0901425279258369905,0.68220790155574118074,16.561711699713381307,1.8829369118464429622,2.8645140070139762933,0.68220790155571775504,1988,1988,0.0094355922192335128784,0,0
0.0029718103598552546123,0.52200482963289396299,1.0901425279258321055,0.68220790155573984848,16.561711699713374202,1.8829369118467449429,2.8645140070157633083,0.68220790155571497948,1989,1989,0.0094483941793441772461,0,0
0.0029718103598552324945,0.52200482963258698632,1.0901425279258001311,0.68220790155573862723,16.561711699712912349,1.8829369118463983312,2.8645140070139971655,0.68220790155571386926,1990,1990,0.0094611970707774162292,0,0
0.0029718103598552108105,0.52200482963291161553,1.0901425279257983547,0.68220790155573740599,16.561711699712930113,1.8829369118467034205,2.8645140070157775192,0.6822079015557120929,1991,1991,0.0094739999622106552124,0,0
0.0029718103598551886928,0.52200482963260652625,1.0901425279257652701,0.68220790155573607372,16.56171169971246826,1.8829369118463565869,2.8645140070140202582,0.68220790155571031654,1992,1992,0.0094868028536438941956,0,0
0.0029718103598551674424,0.52200482963292815786,1.0901425279257657142,0.68220790155573485247,16.561711699712443391,1.8829369118466627864,2.8645140070157832923,0.68220790155571164881,1993,1993,0.0094996057450771331787,0,0
0.0029718103598551457584,0.52200482963262628822,1.0901425279257288548,0.68220790155573363123,16.561711699711963774,1.8829369118463124,2.8645140070140366895,0.68220790155570842916,1994,1994,0.0095124077051877975464,0,0
0.002971810359855124508,0.52200482963294769778,1.0901425279257310752,0.68220790155573240998,16.561711699711995749,1.8829369118466214861,2.8645140070158059409,0.68220790155570854019,1995,1995,0.0095252105966210365295,0,0
0.002971810359855102824,0.52200482963264593916,1.0901425279256924394,0.68220790155573118874,16.561711699711526791,1.8829369118462684352,2.864514007014059338,0.68220790155570354418,1996,1996,0.0095380134880542755127,0,0
0.0029718103598550815736,0.52200482963296923611,1.0901425279256922174,0.68220790155572996749,16.561711699711501922,1.8829369118465746347,2.8645140070158303658,0.68220790155570443236,1997,1997,0.0095508163794875144958,0,0
0.0029718103598550603232,0.52200482963266259251,1.0901425279256600209,0.68220790155572874625,16.561711699711057832,1.8829369118462282451,2.8645140070140673316,0.682207901555702656,1998,1998,0.009563619270920753479,0,0
0.0029718103598550390729,0.52200482963298677763,1.090142527925660243,0.682207901555727525,16.561711699711057832,1.8829369118465359989,2.864514007015846353,0.68220790155570276703,1999,1999,0.0095764212310314178467,0,0
0.0029718103598550178225,0.52200482963268168835,1.0901425279256258261,0.68220790155572630376,16.561711699710610191,1.8829369118461871668,2.864514007014089092,0.6822079015556996584,2000,2000,0.0095892241224646568298,0,0
0.0029718103598549965721,0.52200482963300776085,1.0901425279256224954,0.68220790155572508251,16.5617116997105569,1.8829369118464909238,2.8645140070158690015,0.68220790155569976942,2001,2001,0.009602027013897895813,0,0
0.0029718103598549753218,0.52200482963269945191,1.0901425279255929635,0.68220790155572386126,16.561711699710155443,1.8829369118461474208,2.8645140070141037469,0.68220790155569777102,2002,2002,0.0096148299053311347961,0,0
0.0029718103598549540714,0.52200482963302652362,1.0901425279255880785,0.68220790155572264002,16.561711699710105705,1.8829369118464494015,2.8645140070158880974,0.68220790155569688284,2003,2003,0.0096276318654417991638,0,0
0.0029718103598549332547,0.52200482963271888082,1.0901425279255578804,0.68220790155572141877,16.561711699709672274,1.8829369118461050103,2.8645140070141223987,0.68220790155569577262,2004,2004,0.009640434756875038147,0,0
0.0029718103598549124381,0.52200482963304362105,1.0901425279255561041,0.68220790155572019753,16.561711699709658063,1.8829369118464103217,2.864514007015900976,0.68220790155569521751,2005,2005,0.0096532376483082771301,0,0
0.0029718103598548911877,0.52200482963273897585,1.090142527925521243,0.68220790155571897628,16.561711699709164236,1.8829369118460608234,2.8645140070141406063,0.68220790155569377422,2006,2006,0.0096660405397415161133,0,0
0.0029718103598548708047,0.52200482963306338302,1.0901425279255201328,0.68220790155571786606,16.561711699709210421,1.882936911846367023,2.8645140070159231804,0.68220790155569122071,2007,2007,0.0096788434311747550964,0,0
0.002971810359854849988,0.52200482963275651738,1.0901425279254888245,0.68220790155571664481,16.561711699708720147,1.8829369118460215216,2.8645140070141561495,0.68220790155569177582,2008,2008,0.0096916453912854194641,0,0
0.002971810359854829605,0.52200482963308092454,1.0901425279254868261,0.68220790155571553459,16.561711699708755674,1.8829369118463261668,2.8645140070159365031,0.68220790155568911128,2009,2009,0.0097044482827186584473,0,0
0.002971810359854809222,0.52200482963277583526,1.0901425279254539635,0.68220790155571431335,16.561711699708276058,1.8829369118459797772,2.8645140070141774657,0.68220790155568822311,2010,2010,0.0097172511741518974304,0,0
0.002971810359854788839,0.52200482963310068651,1.0901425279254506329,0.68220790155571320312,16.561711699708276058,1.8829369118462822019,2.864514007015956043,0.6822079015556862247,2011,2011,0.0097300540655851364136,0,0
0.002971810359854768456,0.522004829632794487,1.0901425279254219891,0.68220790155571198188,16.561711699707839074,1.8829369118459420296,2.8645140070142010025,0.6822079015556862247,2012,2012,0.0097428569570183753967,0,0
0.002971810359854748073,0.52200482963311722884,1.0901425279254195466,0.68220790155571076063,16.561711699707828416,1.8829369118462442323,2.8645140070159667012,0.6822079015556852255,2013,2013,0.0097556589171290397644,0,0
0.0029718103598547281237,0.52200482963281269466,1.090142527925386684,0.68220790155570965041,16.56171169970736301,1.8829369118458982868,2.8645140070142121047,0.68220790155568378221,2014,2014,0.0097684618085622787476,0,0
0.0029718103598547081744,0.52200482963313565854,1.0901425279253844636,0.68220790155570854019,16.561711699707355905,1.8829369118462011556,2.8645140070159813561,0.68220790155568267199,2015,2015,0.0097812646999955177307,0,0
0.0029718103598546877914,0.52200482963283012516,1.0901425279253542655,0.68220790155570731894,16.561711699706961554,1.8829369118458589849,2.8645140070142307565,0.68220790155568000745,2016,2016,0.0097940675914287567139,0,0
0.0029718103598546678421,0.52200482963315397722,1.0901425279253524891,0.68220790155570620872,16.561711699706908263,1.8829369118461634081,2.8645140070160013401,0.68220790155568111768,2017,2017,0.009806870482861995697,0,0
0.0029718103598546478927,0.52200482963284866589,1.0901425279253189604,0.6822079015557050985,16.561711699706496148,1.8829369118458156862,2.8645140070142462996,0.68220790155567700985,2018,2018,0.0098196724429726600647,0,0
0.0029718103598546283771,0.52200482963317273999,1.0901425279253162959,0.68220790155570387725,16.561711699706425094,1.8829369118461187771,2.8645140070160146628,0.68220790155567834212,2019,2019,0.0098324753344058990479,0,0
0.0029718103598546084278,0.52200482963286631843,1.0901425279252860978,0.68220790155570276703,16.561711699706052059,1.8829369118457754961,2.8645140070142613986,0.68220790155567478941,2020,2020,0.009845278225839138031,0,0
0.0029718103598545889121,0.52200482963319139174,1.0901425279252827671,0.6822079015557016568,16.561711699705977452,1.882936911846078365,2.8645140070160346468,0.68220790155567578861,2021,2021,0.0098580811172723770142,0,0
0.0029718103598545693965,0.52200482963288430405,1.0901425279252534573,0.68220790155570054658,16.561711699705579548,1.8829369118457361942,2.8645140070142760536,0.68220790155567390123,2022,2022,0.0098708840087056159973,0,0
0.0029718103598545498809,0.52200482963320737895,1.0901425279252512368,0.68220790155569943636,16.561711699705540468,1.8829369118460390631,2.8645140070160426404,0.68220790155567412327,2023,2023,0.009883685968816280365,0,0
0.0029718103598545303652,0.52200482963290406602,1.0901425279252179301,0.68220790155569832613,16.56171169970511059,1.8829369118456935617,2.8645140070142969257,0.68220790155567090363,2024,2024,0.0098964888602495193481,0,0
0.0029718103598545108496,0.52200482963322625274,1.0901425279252181522,0.68220790155569721591,16.561711699705139011,1.8829369118459999832,2.8645140070160679535,0.68220790155566990443,2025,2025,0.0099092917516827583313,0,0
0.0029718103598544917676,0.52200482963291994221,1.0901425279251888423,0.68220790155569610569,16.561711699704709133,1.8829369118456582566,2.8645140070143115807,0.68220790155566923829,2026,2026,0.0099220946431159973145,0,0
0.0029718103598544726857,0.52200482963324379426,1.0901425279251855116,0.68220790155569499547,16.561711699704648737,1.8829369118459600152,2.8645140070160794998,0.68220790155566968238,2027,2027,0.0099348975345492362976,0,0
0.0029718103598544536037,0.52200482963293937111,1.0901425279251535372,0.68220790155569388524,16.561711699704268597,1.8829369118456160681,2.8645140070143337852,0.68220790155566535251,2028,2028,0.0099476994946599006653,0,0
0.0029718103598544345217,0.52200482963326155783,1.0901425279251530931,0.68220790155569277502,16.561711699704204648,1.8829369118459209353,2.8645140070160959311,0.68220790155566768398,2029,2029,0.0099605023860931396484,0,0
0.0029718103598544154398,0.52200482963295513628,1.0901425279251224509,0.6822079015556916648,16.561711699703820955,1.8829369118455772103,2.8645140070143408906,0.68220790155566435331,2030,2030,0.0099733052775263786316,0,0
0.0029718103598543963578,0.52200482963328009856,1.0901425279251193423,0.6822079015556906656,16.5617116997037499,1.8829369118458803012,2.8645140070161141388,0.68220790155566535251,2031,2031,0.0099861081689596176147,0,0
0.0029718103598543772759,0.52200482963297356598,1.090142527925087812,0.68220790155568955537,16.561711699703337786,1.8829369118455350218,2.8645140070143551014,0.68220790155566257695,2032,2032,0.0099989110603928565979,0,0
0.0029718103598543586276,0.52200482963329664088,1.090142527925087812,0.68220790155568844515,16.561711699703320022,1.8829369118458414434,2.8645140070161261292,0.68220790155566335411,2033,2033,0.010011713020503520966,0,0
0.0029718103598543399793,0.52200482963299066341,1.0901425279250560596,0.68220790155568733493,16.561711699702925671,1.882936911845496164,2.8645140070143710886,0.68220790155565969037,2034,2034,0.010024515911936759949,0,0
0.002971810359854321331,0.52200482963331484854,1.0901425279250556155,0.68220790155568633573,16.561711699702893696,1.8829369118458032517,2.8645140070161465573,0.68220790155566068957,2035,2035,0.010037318803369998932,0,0
0.0029718103598543026828,0.52200482963300831596,1.0901425279250238631,0.6822079015556852255,16.561711699702478029,1.8829369118454575283,2.8645140070143875199,0.68220790155565791402,2036,2036,0.010050121694803237915,0,0
0.0029718103598542844682,0.52200482963333372233,1.0901425279250227529,0.6822079015556842263,16.561711699702438949,1.8829369118457643939,2.8645140070161678736,0.6822079015556588022,2037,2037,0.010062924586236476898,0,0
0.0029718103598542658199,0.52200482963302452522,1.090142527924993443,0.68220790155568311608,16.561711699702048151,1.8829369118454202248,2.8645140070143990663,0.68220790155565658175,2038,2038,0.010075726546347141266,0,0
0.0029718103598542476053,0.52200482963335159692,1.0901425279249892242,0.68220790155568211688,16.561711699701987754,1.8829369118457233157,2.8645140070161825285,0.68220790155565647073,2039,2039,0.010088529437780380249,0,0
0.0029718103598542293907,0.52200482963304173367,1.0901425279249608025,0.68220790155568100666,16.561711699701607614,1.8829369118453802567,2.8645140070144123889,0.6822079015556543613,2040,2040,0.010101332329213619232,0,0
0.0029718103598542111761,0.52200482963337035969,1.090142527924953475,0.68220790155568000745,16.56171169970153656,1.8829369118456793508,2.864514007016199848,0.68220790155565269597,2041,2041,0.010114135220646858215,0,0
0.0029718103598541933952,0.52200482963305749884,1.0901425279249301603,0.68220790155567900825,16.561711699701188394,1.8829369118453422871,2.864514007014422603,0.68220790155565247392,2042,2042,0.010126938112080097198,0,0
0.0029718103598541751806,0.52200482963338423748,1.0901425279249252753,0.68220790155567789803,16.561711699701124445,1.8829369118456440457,2.8645140070162034007,0.68220790155565202983,2043,2043,0.010139740072190761566,0,0
0.0029718103598541573997,0.52200482963307459627,1.0901425279248975198,0.68220790155567689883,16.561711699700740752,1.8829369118453023191,2.8645140070144350375,0.6822079015556503645,2044,2044,0.010152542963624000549,0,0
0.0029718103598541396188,0.52200482963340122389,1.090142527924893523,0.68220790155567589963,16.561711699700687461,1.8829369118456051879,2.8645140070162176116,0.68220790155565014246,2045,2045,0.010165345855057239532,0,0
0.0029718103598541218378,0.5220048296330921378,1.0901425279248657674,0.68220790155567490043,16.561711699700300215,1.8829369118452639054,2.8645140070144510247,0.68220790155564869917,2046,2046,0.010178148746490478516,0,0
0.0029718103598541040569,0.52200482963341876541,1.0901425279248619926,0.68220790155567379021,16.561711699700271794,1.8829369118455676624,2.8645140070162367074,0.68220790155564747792,2047,2047,0.010190951637923717499,0,0
0.0029718103598540867097,0.52200482963310901319,1.0901425279248369016,0.68220790155567290203,16.561711699699902312,1.8829369118452301546,2.8645140070144714528,0.68220790155564703383,2048,2048,0.010203753598034381866,0,0
0.0029718103598540693625,0.52200482963343597387,1.0901425279248302402,0.68220790155567190283,16.56171169969983481,1.8829369118455288046,2.8645140070162504742,0.68220790155564570156,2049,2049,0.01021655648946762085,0,0
0.0029718103598540515815,0.52200482963312655471,1.0901425279248044831,0.6822079015556707926,16.561711699699465328,1.8829369118451908527,2.86451400701448744,0.68220790155564481339,2050,2050,0.010229359380900859833,0,0
0.0029718103598540342343,0.52200482963345251619,1.0901425279247989319,0.6822079015556697934,16.561711699699412037,1.8829369118454903909,2.8645140070162642409,0.68220790155564348112,2051,2051,0.010242162272334098816,0,0
0.0029718103598540164534,0.52200482963314309703,1.0901425279247727307,0.6822079015556687942,16.561711699699046108,1.8829369118451515508,2.8645140070144998745,0.68220790155564214885,2052,2052,0.010254965163767337799,0,0
0.0029718103598539991062,0.52200482963346706011,1.0901425279247718425,0.682207901555667795,16.561711699699028344,1.8829369118454577503,2.8645140070162753432,0.68220790155564225987,2053,2053,0.010267767123878002167,0,0
0.0029718103598539821926,0.5220048296331598614,1.0901425279247412004,0.6822079015556667958,16.561711699698605571,1.882936911845112915,2.864514007014512309,0.68220790155564059454,2054,2054,0.01028057001531124115,0,0
0.002971810359853965279,0.52200482963348615595,1.0901425279247378697,0.68220790155566590762,16.561711699698587807,1.8829369118454168941,2.8645140070162971035,0.68220790155563926227,2055,2055,0.010293372906744480133,0,0
0.0029718103598539479318,0.52200482963317607066,1.0901425279247101141,0.68220790155566490842,16.56171169969817214,1.8829369118450747234,2.8645140070145229672,0.6822079015556389292,2056,2056,0.010306175798177719116,0,0
0.0029718103598539310183,0.52200482963350014476,1.09014252792470967,0.68220790155566390922,16.561711699698168587,1.882936911845381811,2.8645140070163006563,0.68220790155563881818,2057,2057,0.010318978689610958099,0,0
0.002971810359853913671,0.52200482963319294605,1.0901425279246803601,0.68220790155566291002,16.561711699697788447,1.8829369118450391962,2.8645140070145433953,0.68220790155563615365,2058,2058,0.010331780649721622467,0,0
0.0029718103598538971911,0.52200482963351735322,1.0901425279246776956,0.68220790155566202184,16.56171169969775292,1.8829369118453427312,2.8645140070163170876,0.6822079015556359316,2059,2059,0.01034458354115486145,0,0
0.0029718103598538802776,0.52200482963320826713,1.0901425279246517164,0.68220790155566102264,16.561711699697369227,1.8829369118450043352,2.8645140070145536093,0.68220790155563548751,2060,2060,0.010357386432588100433,0,0
0.0029718103598538637977,0.52200482963353433963,1.0901425279246459432,0.68220790155566002344,16.561711699697312383,1.8829369118453038734,2.8645140070163304102,0.68220790155563426627,2061,2061,0.010370189324021339417,0,0
0.0029718103598538468842,0.5220048296332255866,1.0901425279246210742,0.68220790155565913526,16.561711699696960665,1.8829369118449679199,2.8645140070145731492,0.68220790155563315604,2062,2062,0.0103829922154545784,0,0
0.0029718103598538304043,0.52200482963354799537,1.0901425279246195199,0.68220790155565813606,16.561711699696932243,1.8829369118452714549,2.8645140070163384038,0.68220790155563337809,2063,2063,0.010395794175565242767,0,0
0.0029718103598538139244,0.52200482963324223995,1.090142527924589988,0.68220790155565724788,16.561711699696544997,1.8829369118449301723,2.8645140070145882483,0.68220790155563082457,2064,2064,0.01040859706699848175,0,0
0.0029718103598537974445,0.52200482963356820143,1.0901425279245828825,0.68220790155565624868,16.561711699696459732,1.882936911845227268,2.8645140070163601642,0.6822079015556299364,2065,2065,0.010421399958431720734,0,0
0.0029718103598537813984,0.52200482963325600672,1.0901425279245622324,0.6822079015556553605,16.56171169969612933,1.8829369118448950893,2.8645140070145909128,0.68220790155563060253,2066,2066,0.010434202849864959717,0,0
0.0029718103598537649185,0.52200482963358363353,1.0901425279245524624,0.6822079015556543613,16.561711699696040512,1.8829369118451892984,2.8645140070163686019,0.68220790155562816004,2067,2067,0.0104470057412981987,0,0
0.0029718103598537488723,0.52200482963327232699,1.0901425279245318123,0.68220790155565347312,16.561711699695720768,1.8829369118448580078,2.8645140070146051237,0.68220790155562838208,2068,2068,0.010459807701408863068,0,0
0.0029718103598537328261,0.52200482963359851052,1.0901425279245235966,0.68220790155565258495,16.561711699695653266,1.8829369118451537712,2.864514007016378816,0.68220790155562605062,2069,2069,0.010472610592842102051,0,0
0.0029718103598537172136,0.52200482963328920238,1.0901425279245009481,0.68220790155565169677,16.561711699695312205,1.8829369118448207043,2.864514007014621999,0.68220790155562582857,2070,2070,0.010485413484275341034,0,0
0.0029718103598537011674,0.52200482963361449773,1.0901425279244942868,0.68220790155565069757,16.561711699695248257,1.8829369118451180221,2.8645140070163930268,0.68220790155562438528,2071,2071,0.010498216375708580017,0,0
0.0029718103598536851212,0.52200482963330496755,1.0901425279244720823,0.68220790155564980939,16.561711699694900091,1.8829369118447858433,2.8645140070146348776,0.68220790155562471835,2072,2072,0.010511018335819244385,0,0
0.0029718103598536695087,0.52200482963362893063,1.0901425279244669753,0.68220790155564892121,16.56171169969488588,1.8829369118450847154,2.8645140070164050172,0.68220790155562216484,2073,2073,0.010523821227252483368,0,0
0.0029718103598536538962,0.52200482963332350828,1.0901425279244383315,0.68220790155564803303,16.561711699694459554,1.8829369118447452092,2.8645140070146544176,0.68220790155562183177,2074,2074,0.010536624118685722351,0,0
0.00297181035985363785,0.52200482963364513989,1.0901425279244367772,0.68220790155564703383,16.561711699694459554,1.882936911845047856,2.8645140070164174517,0.68220790155562083257,2075,2075,0.010549427010118961334,0,0
0.0029718103598536222375,0.52200482963333860731,1.0901425279244081334,0.68220790155564614565,16.561711699694026123,1.8829369118447076836,2.8645140070146601907,0.68220790155562072155,2076,2076,0.010562229901552200317,0,0
0.0029718103598536070586,0.52200482963366057199,1.0901425279244054689,0.6822079015556453685,16.561711699694050992,1.8829369118450085541,2.8645140070164254453,0.68220790155561805701,2077,2077,0.010575031861662864685,0,0
0.0029718103598535914461,0.5220048296333534843,1.0901425279243801558,0.6822079015556443693,16.561711699693685063,1.8829369118446732667,2.8645140070146752898,0.68220790155561727985,2078,2078,0.010587834753096103668,0,0
0.0029718103598535762673,0.52200482963367633715,1.0901425279243757149,0.68220790155564359214,16.561711699693617561,1.8829369118449721388,2.8645140070164356594,0.68220790155561739088,2079,2079,0.010600637644529342651,0,0
0.0029718103598535610885,0.52200482963336825026,1.0901425279243515121,0.68220790155564270396,16.561711699693258737,1.8829369118446377396,2.8645140070146819511,0.68220790155561694679,2080,2080,0.010613440535962581635,0,0
0.0029718103598535459096,0.52200482963369265743,1.0901425279243455169,0.68220790155564181578,16.561711699693208999,1.8829369118449355014,2.8645140070164503143,0.68220790155561528145,2081,2081,0.010626243427395820618,0,0
0.0029718103598535307308,0.52200482963338268316,1.0901425279243242006,0.6822079015556409276,16.561711699692878597,1.8829369118446044329,2.8645140070146926092,0.6822079015556155035,2082,2082,0.010639045387506484985,0,0
0.002971810359853515552,0.52200482963370709033,1.0901425279243184274,0.68220790155564003943,16.561711699692832411,1.8829369118449021947,2.8645140070164614166,0.68220790155561383816,2083,2083,0.010651848278939723969,0,0
0.0029718103598535008068,0.52200482963339822629,1.0901425279242957789,0.68220790155563926227,16.561711699692480693,1.8829369118445697939,2.8645140070147059319,0.68220790155561417123,2084,2084,0.010664651170372962952,0,0
0.002971810359853485628,0.52200482963372218936,1.0901425279242904498,0.68220790155563837409,16.561711699692434507,1.8829369118448682219,2.8645140070164729629,0.68220790155561272794,2085,2085,0.010677454061806201935,0,0
0.0029718103598534708829,0.52200482963341610088,1.0901425279242631383,0.68220790155563748591,16.561711699692068578,1.8829369118445307141,2.8645140070147259159,0.68220790155561072954,2086,2086,0.010690256953239440918,0,0
0.0029718103598534561377,0.52200482963373662226,1.0901425279242629163,0.68220790155563670876,16.561711699692068578,1.8829369118448346931,2.8645140070164845092,0.68220790155561061852,2087,2087,0.010703058913350105286,0,0
0.0029718103598534413926,0.52200482963343020071,1.0901425279242371591,0.68220790155563582058,16.561711699691688437,1.8829369118444994058,2.8645140070147365741,0.6822079015556100634,2088,2088,0.010715861804783344269,0,0
0.0029718103598534270811,0.52200482963375294254,1.0901425279242324962,0.68220790155563504342,16.561711699691624489,1.8829369118447973896,2.8645140070164956114,0.68220790155560984136,2089,2089,0.010728664696216583252,0,0
0.0029718103598534123359,0.52200482963344352338,1.0901425279242129562,0.68220790155563415524,16.56171169969135093,1.8829369118444698739,2.8645140070147476763,0.68220790155560873114,2090,2090,0.010741467587649822235,0,0
0.0029718103598533980245,0.52200482963376959589,1.0901425279242020761,0.68220790155563326707,16.561711699691240796,1.8829369118447605302,2.8645140070165138191,0.68220790155560651069,2091,2091,0.010754270479083061218,0,0
0.002971810359853383713,0.52200482963345784526,1.0901425279241843125,0.68220790155563248991,16.561711699690949473,1.8829369118444339026,2.8645140070147543376,0.68220790155560739887,2092,2092,0.010767072439193725586,0,0
0.0029718103598533698352,0.52200482963378314061,1.0901425279241752087,0.68220790155563171275,16.561711699690849997,1.8829369118447270015,2.8645140070165187041,0.68220790155560584456,2093,2093,0.010779875330626964569,0,0
0.0029718103598533555237,0.52200482963347449861,1.0901425279241523381,0.6822079015556309356,16.5617116996905267,1.8829369118443946007,2.8645140070147672162,0.68220790155560484536,2094,2094,0.010792678222060203552,0,0
0.0029718103598533412123,0.52200482963379735146,1.0901425279241474531,0.68220790155563004742,16.561711699690459199,1.8829369118446925846,2.8645140070165266977,0.68220790155560462331,2095,2095,0.010805481113493442535,0,0
0.0029718103598533273345,0.52200482963348859844,1.0901425279241252486,0.68220790155562927026,16.561711699690171429,1.882936911844361294,2.8645140070147783184,0.68220790155560251389,2096,2096,0.010818284004926681519,0,0
0.002971810359853313023,0.52200482963381211743,1.0901425279241185873,0.68220790155562849311,16.5617116996900684,1.8829369118446568354,2.8645140070165364676,0.68220790155560262491,2097,2097,0.010831085965037345886,0,0
0.0029718103598532991452,0.52200482963350269827,1.0901425279240988253,0.68220790155562760493,16.561711699689794841,1.8829369118443288755,2.8645140070147880884,0.68220790155560151469,2098,2098,0.010843888856470584869,0,0
0.0029718103598532852674,0.52200482963382643931,1.090142527924092386,0.68220790155562682777,16.561711699689684707,1.8829369118446253051,2.8645140070165471258,0.6822079015556020698,2099,2099,0.010856691747903823853,0,0
0.0029718103598532713897,0.52200482963351857446,1.0901425279240695154,0.68220790155562605062,16.561711699689393384,1.8829369118442933484,2.8645140070148022993,0.68220790155559973833,2100,2100,0.010869494639337062836,0,0
0.0029718103598532575119,0.52200482963384053914,1.0901425279240664068,0.68220790155562527346,16.561711699689332988,1.8829369118445937747,2.8645140070165600044,0.68220790155560018242,2101,2101,0.010882297530770301819,0,0
0.0029718103598532445014,0.5220048296335332294,1.0901425279240415378,0.6822079015556244963,16.561711699689009691,1.8829369118442591535,2.8645140070148125133,0.68220790155559796197,2102,2102,0.010895099490880966187,0,0
0.0029718103598532306237,0.52200482963385474999,1.0901425279240404276,0.68220790155562371915,16.561711699688949295,1.8829369118445620224,2.8645140070165702184,0.68220790155559973833,2103,2103,0.01090790238231420517,0,0
0.0029718103598532171795,0.52200482963354788435,1.0901425279240131161,0.68220790155562294199,16.561711699688608235,1.8829369118442238484,2.864514007014820951,0.68220790155559674073,2104,2104,0.010920705273747444153,0,0
0.0029718103598532037354,0.522004829633869738,1.09014252792401245,0.68220790155562216484,16.561711699688565602,1.8829369118445280495,2.864514007016583097,0.682207901555598073,2105,2105,0.010933508165180683136,0,0
0.002971810359853190725,0.52200482963356098498,1.0901425279239880251,0.68220790155562138768,16.561711699688281385,1.8829369118441927622,2.8645140070148320532,0.68220790155559452028,2106,2106,0.010946311056613922119,0,0
0.0029718103598531772809,0.52200482963388605828,1.0901425279239815858,0.68220790155562072155,16.561711699688174804,1.882936911844490302,2.864514007016598196,0.68220790155559485335,2107,2107,0.010959113016724586487,0,0
0.0029718103598531642705,0.5220048296335745297,1.0901425279239613797,0.68220790155561994439,16.561711699687883481,1.8829369118441596775,2.8645140070148373823,0.68220790155559418722,2108,2108,0.01097191590815782547,0,0
0.0029718103598531512601,0.52200482963389827074,1.0901425279239569388,0.68220790155561916723,16.561711699687794663,1.8829369118444592157,2.8645140070165995283,0.68220790155559507539,2109,2109,0.010984718799591064453,0,0
0.0029718103598531382496,0.52200482963359162714,1.0901425279239289612,0.68220790155561839008,16.561711699687474919,1.8829369118441201536,2.8645140070148524813,0.68220790155559074552,2110,2110,0.010997521691024303436,0,0
0.0029718103598531252392,0.52200482963391237057,1.0901425279239298494,0.68220790155561772394,16.561711699687432287,1.882936911844425909,2.8645140070166101864,0.68220790155559307699,2111,2111,0.011010324582457542419,0,0
0.0029718103598531126625,0.52200482963360428368,1.0901425279239036481,0.68220790155561694679,16.561711699687087673,1.8829369118440884012,2.86451400701485559,0.68220790155559085655,2112,2112,0.011023126542568206787,0,0
0.002971810359853099652,0.52200482963392769165,1.0901425279239025379,0.68220790155561616963,16.56171169968706991,1.8829369118443932685,2.8645140070166270618,0.68220790155559096757,2113,2113,0.01103592943400144577,0,0
0.0029718103598530866416,0.52200482963361749533,1.090142527923878335,0.6822079015556155035,16.561711699686753718,1.8829369118440568709,2.8645140070148653599,0.68220790155558874712,2114,2114,0.011048732325434684753,0,0
0.0029718103598530740649,0.52200482963394245761,1.0901425279238754484,0.68220790155561472634,16.56171169968670398,1.8829369118443606279,2.8645140070166412727,0.68220790155558908019,2115,2115,0.011061535216867923737,0,0
0.0029718103598530610544,0.52200482963363259437,1.0901425279238494692,0.68220790155561394918,16.561711699686334498,1.8829369118440217878,2.8645140070148746858,0.68220790155558796997,2116,2116,0.01107433810830116272,0,0
0.0029718103598530484777,0.52200482963395744562,1.0901425279238472488,0.68220790155561328305,16.561711699686330945,1.882936911844325989,2.8645140070166541513,0.68220790155558674872,2117,2117,0.011087140068411827087,0,0
0.0029718103598530359009,0.52200482963364280842,1.0901425279238290411,0.68220790155561250589,16.561711699686021859,1.8829369118439958086,2.8645140070148760181,0.68220790155558808099,2118,2118,0.011099942959845066071,0,0
0.0029718103598530237579,0.5220048296339737659,1.0901425279238170507,0.68220790155561183976,16.561711699685929489,1.8829369118442893516,2.8645140070166692503,0.68220790155558441725,2119,2119,0.011112745851278305054,0,0
0.0029718103598530116148,0.52200482963365713029,1.0901425279238032839,0.68220790155561117363,16.561711699685670141,1.8829369118439649444,2.8645140070148911171,0.68220790155558641565,2120,2120,0.011125548742711544037,0,0
0.0029718103598529994717,0.52200482963398531222,1.0901425279237941801,0.68220790155561050749,16.561711699685591981,1.8829369118442609299,2.8645140070166736912,0.68220790155558397316,2121,2121,0.01113835163414478302,0,0
0.0029718103598529873287,0.52200482963367300648,1.0901425279237746402,0.68220790155560973034,16.561711699685275789,1.8829369118439307496,2.8645140070149066602,0.68220790155558475032,2122,2122,0.011151153594255447388,0,0
0.0029718103598529751856,0.52200482963399841285,1.0901425279237690891,0.6822079015556090642,16.561711699685258026,1.8829369118442300657,2.8645140070166830171,0.68220790155558208578,2123,2123,0.011163956485688686371,0,0
0.0029718103598529630426,0.52200482963368621814,1.090142527923748661,0.68220790155560839807,16.56171169968490986,1.882936911843898331,2.8645140070149133216,0.68220790155558352907,2124,2124,0.011176759377121925354,0,0
0.0029718103598529513332,0.52200482963401129144,1.090142527923743776,0.68220790155560773194,16.561711699684888544,1.8829369118441983133,2.8645140070166887902,0.68220790155558141965,2125,2125,0.011189562268555164337,0,0
0.0029718103598529396238,0.52200482963370054001,1.0901425279237217936,0.6822079015556070658,16.561711699684540378,1.8829369118438654684,2.8645140070149239797,0.68220790155558197476,2126,2126,0.01120236515998840332,0,0
0.0029718103598529279144,0.52200482963402450309,1.0901425279237171306,0.68220790155560639967,16.561711699684519061,1.8829369118441652287,2.8645140070166945634,0.68220790155557997636,2127,2127,0.011215167120099067688,0,0
0.002971810359852916205,0.5220048296337114202,1.0901425279237002552,0.68220790155560562251,16.561711699684224186,1.8829369118438388231,2.8645140070149293088,0.68220790155558153067,2128,2128,0.011227970011532306671,0,0
0.0029718103598529044956,0.52200482963403571635,1.0901425279236949262,0.68220790155560495638,16.561711699684209975,1.8829369118441374731,2.8645140070166998925,0.68220790155557875512,2129,2129,0.011240772902965545654,0,0
0.0029718103598528927863,0.52200482963372918377,1.0901425279236678367,0.68220790155560429024,16.561711699683812071,1.8829369118437995212,2.8645140070149479605,0.6822079015555782,2130,2130,0.011253575794398784637,0,0
0.0029718103598528815106,0.52200482963404915004,1.0901425279236687249,0.68220790155560373513,16.561711699683808519,1.8829369118441048325,2.8645140070167047774,0.68220790155557897716,2131,2131,0.011266378685832023621,0,0
0.0029718103598528698012,0.52200482963374117418,1.0901425279236443,0.68220790155560295798,16.561711699683481669,1.8829369118437704334,2.8645140070149541778,0.68220790155557708978,2132,2132,0.011279180645942687988,0,0
0.0029718103598528585255,0.5220048296340633609,1.0901425279236434118,0.68220790155560240287,16.561711699683478116,1.8829369118440746345,2.8645140070167207647,0.68220790155557664569,2133,2133,0.011291983537375926971,0,0
0.0029718103598528472498,0.52200482963375594014,1.0901425279236178767,0.68220790155560173673,16.56171169968312995,1.882936911843738681,2.864514007014970165,0.68220790155557509138,2134,2134,0.011304786428809165955,0,0
0.0029718103598528359741,0.52200482963407646153,1.0901425279236178767,0.6822079015556010706,16.561711699683115739,1.8829369118440428821,2.864514007016727426,0.68220790155557564649,2135,2135,0.011317589320242404938,0,0
0.0029718103598528246984,0.52200482963376892975,1.0901425279235932297,0.68220790155560040446,16.561711699682771126,1.8829369118437082609,2.8645140070149777145,0.68220790155557442525,2136,2136,0.011330392211675643921,0,0
0.0029718103598528138563,0.52200482963408889603,1.0901425279235927857,0.68220790155559984935,16.561711699682756915,1.8829369118440111297,2.8645140070167318669,0.68220790155557475831,2137,2137,0.011343194171786308289,0,0
0.0029718103598528030143,0.5220048296337815863,1.0901425279235692489,0.68220790155559918322,16.561711699682430066,1.882936911843678951,2.8645140070149861522,0.68220790155557342604,2138,2138,0.011355997063219547272,0,0
0.0029718103598527917386,0.52200482963410144155,1.0901425279235688048,0.68220790155559851708,16.561711699682451382,1.8829369118439820419,2.8645140070167429691,0.68220790155557231582,2139,2139,0.011368799954652786255,0,0
0.0029718103598527808966,0.52200482963379479795,1.0901425279235428256,0.68220790155559796197,16.561711699682046373,1.8829369118436458663,2.8645140070149910372,0.68220790155557275991,2140,2140,0.011381602846086025238,0,0
0.0029718103598527700546,0.52200482963411576343,1.0901425279235426036,0.68220790155559729584,16.561711699682064136,1.8829369118439500674,2.8645140070167531832,0.68220790155557187173,2141,2141,0.011394405737519264221,0,0
0.0029718103598527596462,0.52200482963380523405,1.0901425279235223975,0.68220790155559674073,16.561711699681765708,1.8829369118436205532,2.8645140070149972544,0.68220790155557153867,2142,2142,0.011407207697629928589,0,0
0.0029718103598527488042,0.52200482963412631054,1.0901425279235215093,0.68220790155559607459,16.561711699681779919,1.8829369118439236441,2.8645140070167589563,0.68220790155557031742,2143,2143,0.011420010589063167572,0,0
0.0029718103598527383959,0.52200482963382022206,1.0901425279234955301,0.68220790155559551948,16.561711699681396226,1.8829369118435883568,2.8645140070150123535,0.68220790155556987333,2144,2144,0.011432813480496406555,0,0
0.0029718103598527279875,0.52200482963414185367,1.0901425279234921994,0.68220790155559485335,16.561711699681367804,1.8829369118438878949,2.8645140070167705026,0.68220790155556898515,2145,2145,0.011445616371929645538,0,0
0.0029718103598527175792,0.52200482963383321167,1.0901425279234719934,0.68220790155559429824,16.561711699681069376,1.8829369118435599351,2.8645140070150243439,0.68220790155556865209,2146,2146,0.011458418332040309906,0,0
0.0029718103598527071708,0.52200482963415428816,1.0901425279234677745,0.6822079015555936321,16.561711699681037402,1.8829369118438574748,2.8645140070167780522,0.68220790155556731982,2147,2147,0.011471221223473548889,0,0
0.0029718103598526967625,0.52200482963384609025,1.0901425279234466803,0.68220790155559307699,16.561711699680696341,1.8829369118435286268,2.8645140070150292289,0.682207901555568208,2148,2148,0.011484024114906787872,0,0
0.0029718103598526867878,0.52200482963416416915,1.0901425279234469023,0.68220790155559252188,16.561711699680717658,1.8829369118438308295,2.8645140070167776081,0.68220790155556743084,2149,2149,0.011496827006340026855,0,0
0.0029718103598526768132,0.52200482963385896884,1.0901425279234229215,0.68220790155559196677,16.561711699680387255,1.882936911843499761,2.8645140070150425515,0.68220790155556609857,2150,2150,0.011509629897773265839,0,0
0.0029718103598526668385,0.52200482963417660365,1.0901425279234229215,0.68220790155559141166,16.561711699680383703,1.8829369118438012976,2.8645140070167851576,0.68220790155556620959,2151,2151,0.011522431857883930206,0,0
0.0029718103598526568639,0.52200482963387040414,1.0901425279234000509,0.68220790155559074552,16.561711699680046195,1.8829369118434708952,2.8645140070150452161,0.68220790155556576551,2152,2152,0.011535234749317169189,0,0
0.0029718103598526468892,0.52200482963419048144,1.0901425279233969423,0.68220790155559019041,16.561711699680035537,1.8829369118437695452,2.8645140070167967039,0.68220790155556421119,2153,2153,0.011548037640750408173,0,0
0.0029718103598526373482,0.52200482963388261659,1.090142527923375626,0.6822079015555896353,16.561711699679694476,1.8829369118434406971,2.864514007015050101,0.68220790155556498835,2154,2154,0.011560840532183647156,0,0
0.0029718103598526278072,0.52200482963420147264,1.0901425279233760701,0.68220790155558908019,16.561711699679730003,1.88293691184374401,2.8645140070168033652,0.6822079015555637671,2155,2155,0.011573643423616886139,0,0
0.0029718103598526182663,0.52200482963389549518,1.0901425279233509791,0.6822079015555886361,16.561711699679364074,1.882936911843410055,2.8645140070150594269,0.68220790155556310097,2156,2156,0.011586445383727550507,0,0
0.0029718103598526087253,0.52200482963421324101,1.0901425279233529775,0.68220790155558808099,16.561711699679392495,1.8829369118437151442,2.8645140070168086943,0.68220790155556321199,2157,2157,0.01159924827516078949,0,0
0.0029718103598525987506,0.52200482963390637536,1.0901425279233294408,0.68220790155558741485,16.56171169967905854,1.8829369118433831876,2.864514007015064756,0.68220790155556232381,2158,2158,0.011612051166594028473,0,0
0.0029718103598525892096,0.52200482963422667471,1.0901425279233285526,0.68220790155558685974,16.561711699679040777,1.8829369118436858344,2.8645140070168197965,0.68220790155556243484,2159,2159,0.011624854058027267456,0,0
0.0029718103598525801023,0.52200482963391670044,1.0901425279233094567,0.68220790155558641565,16.561711699678777876,1.8829369118433585406,2.8645140070150705291,0.68220790155556132461,2160,2160,0.011637656949460506439,0,0
0.002971810359852570995,0.52200482963424021943,1.0901425279233032395,0.68220790155558586054,16.561711699678667742,1.8829369118436547481,2.8645140070168282342,0.68220790155556199075,2161,2161,0.011650458909571170807,0,0
0.0029718103598525614541,0.52200482963392957902,1.0901425279232841437,0.68220790155558530543,16.561711699678426157,1.8829369118433272323,2.8645140070150776346,0.68220790155555999235,2162,2162,0.01166326180100440979,0,0
0.0029718103598525523468,0.52200482963425287597,1.0901425279232792587,0.68220790155558475032,16.56171169967835155,1.8829369118436256603,2.8645140070168393365,0.68220790155555999235,2163,2163,0.011676064692437648773,0,0
0.0029718103598525432395,0.52200482963394068125,1.090142527923261051,0.68220790155558430623,16.561711699678074439,1.8829369118432979224,2.8645140070150780787,0.68220790155556010337,2164,2164,0.011688867583870887756,0,0
0.0029718103598525341322,0.52200482963426453331,1.090142527923256166,0.68220790155558375112,16.561711699678046017,1.8829369118435965724,2.8645140070168464419,0.68220790155555810497,2165,2165,0.01170167047530412674,0,0
0.0029718103598525254586,0.52200482963395256064,1.0901425279232370702,0.68220790155558319601,16.561711699677779563,1.8829369118432675023,2.8645140070150865164,0.68220790155555721679,2166,2166,0.011714472435414791107,0,0
0.0029718103598525163513,0.52200482963427408123,1.090142527923236182,0.68220790155558275192,16.561711699677719167,1.8829369118435710373,2.8645140070168437774,0.68220790155555910417,2167,2167,0.01172727532684803009,0,0
0.0029718103598525076776,0.52200482963396399594,1.0901425279232139776,0.68220790155558219681,16.56171169967743495,1.8829369118432386365,2.8645140070150887368,0.68220790155555688372,2168,2168,0.011740078218281269073,0,0
0.002971810359852499004,0.52200482963428895822,1.0901425279232095367,0.68220790155558175272,16.561711699677378107,1.882936911843539507,2.8645140070168610968,0.68220790155555643963,2169,2169,0.011752881109714508057,0,0
0.0029718103598524898967,0.52200482963397543124,1.0901425279231922172,0.68220790155558119761,16.561711699677129417,1.8829369118432115471,2.8645140070150962863,0.68220790155555588452,2170,2170,0.01176568400114774704,0,0
0.0029718103598524812231,0.52200482963429861716,1.0901425279231917731,0.68220790155558075352,16.561711699677125864,1.8829369118435177466,2.8645140070168690904,0.6822079015555557735,2171,2171,0.011778485961258411407,0,0
0.0029718103598524729832,0.52200482963398853187,1.0901425279231673482,0.6822079015555801984,16.561711699676784804,1.882936911843181127,2.8645140070151060563,0.68220790155555455225,2172,2172,0.011791288852691650391,0,0
0.0029718103598524647432,0.52200482963430872019,1.0901425279231717891,0.68220790155557975432,16.561711699676830989,1.8829369118434930996,2.8645140070168735313,0.68220790155555544043,2173,2173,0.011804091744124889374,0,0
0.0029718103598524560696,0.52200482963399819081,1.0901425279231482524,0.68220790155557931023,16.561711699676475718,1.8829369118431575902,2.8645140070151073886,0.68220790155555521839,2174,2174,0.011816894635558128357,0,0
0.0029718103598524478297,0.52200482963432304206,1.0901425279231446996,0.68220790155557875512,16.561711699676461507,1.8829369118434597929,2.8645140070168841895,0.68220790155555355305,2175,2175,0.01182969752699136734,0,0
0.0029718103598524400234,0.52200482963400940406,1.0901425279231256038,0.68220790155557831103,16.561711699676184395,1.8829369118431291685,2.8645140070151140499,0.68220790155555310896,2176,2176,0.011842499487102031708,0,0
0.0029718103598524317835,0.52200482963433347816,1.0901425279231229393,0.68220790155557786694,16.561711699676141762,1.8829369118434320374,2.8645140070168850777,0.68220790155555310896,2177,2177,0.011855302378535270691,0,0
0.0029718103598524239772,0.52200482963402017322,1.0901425279231051757,0.68220790155557742285,16.561711699675900178,1.8829369118431038554,2.8645140070151220435,0.68220790155555199874,2178,2178,0.011868105269968509674,0,0
0.0029718103598524157373,0.52200482963434458039,1.0901425279231025112,0.68220790155557697876,16.561711699675839782,1.8829369118434073904,2.8645140070168930713,0.68220790155555288692,2179,2179,0.011880908161401748657,0,0
0.002971810359852407931,0.52200482963403360692,1.0901425279230811949,0.68220790155557653467,16.561711699675566223,1.8829369118430752117,2.8645140070151353662,0.68220790155555077749,2180,2180,0.01189371105283498764,0,0
0.0029718103598524005585,0.52200482963435645978,1.0901425279230800847,0.68220790155557609058,16.561711699675537801,1.8829369118433798569,2.8645140070169028412,0.68220790155555122158,2181,2181,0.011906513012945652008,0,0
0.0029718103598523923185,0.52200482963404437609,1.090142527923062099,0.68220790155557564649,16.561711699675285558,1.8829369118430525631,2.864514007015144692,0.68220790155555033341,2182,2182,0.011919315904378890991,0,0
0.0029718103598523845123,0.52200482963436589667,1.0901425279230596566,0.6822079015555752024,16.561711699675242926,1.8829369118433534336,2.8645140070169019531,0.68220790155555066647,2183,2183,0.011932118795812129974,0,0
0.002971810359852376706,0.52200482963405581138,1.0901425279230385623,0.68220790155557475831,16.561711699674958709,1.8829369118430228092,2.8645140070151482448,0.68220790155554911216,2184,2184,0.011944921687245368958,0,0
0.0029718103598523688998,0.52200482963437622175,1.0901425279230376741,0.68220790155557431422,16.56171169967493384,1.882936911843325456,2.8645140070169032853,0.68220790155554955625,2185,2185,0.011957724578678607941,0,0
0.0029718103598523615272,0.52200482963406602543,1.0901425279230188004,0.68220790155557387013,16.561711699674642517,1.8829369118429981622,2.8645140070151509093,0.68220790155554977829,2186,2186,0.011970526538789272308,0,0
0.0029718103598523541546,0.52200482963438710193,1.090142527923017246,0.68220790155557342604,16.561711699674638965,1.8829369118433003649,2.8645140070169108348,0.68220790155554889012,2187,2187,0.011983329430222511292,0,0
0.002971810359852346782,0.52200482963407901504,1.0901425279229945975,0.68220790155557298196,16.561711699674326326,1.8829369118429686303,2.8645140070151628997,0.68220790155554766887,2188,2188,0.011996132321655750275,0,0
0.0029718103598523398431,0.52200482963439853723,1.0901425279229945975,0.68220790155557264889,16.56171169967431922,1.8829369118432723873,2.864514007016916608,0.68220790155554789091,2189,2189,0.012008935213088989258,0,0
0.0029718103598523324706,0.52200482963408945114,1.0901425279229763898,0.6822079015555722048,16.56171169967407053,1.882936911842947314,2.8645140070151740019,0.68220790155554678069,2190,2190,0.012021738104522228241,0,0
0.002971810359852325098,0.52200482963440941742,1.0901425279229726151,0.68220790155557176071,16.561711699674010134,1.8829369118432444097,2.8645140070169201607,0.68220790155554700274,2191,2191,0.012034540064632892609,0,0
0.0029718103598523181591,0.5220048296341002203,1.0901425279229564058,0.68220790155557131662,16.561711699673772102,1.8829369118429231111,2.8645140070151811074,0.68220790155554655865,2192,2192,0.012047342956066131592,0,0
0.0029718103598523112202,0.52200482963441940942,1.090142527922952187,0.68220790155557098355,16.561711699673715259,1.8829369118432186525,2.8645140070169223812,0.6822079015555463366,2193,2193,0.012060145847499370575,0,0
0.0029718103598523042813,0.52200482963411121151,1.0901425279229357557,0.68220790155557053946,16.56171169967348078,1.8829369118428977981,2.864514007015189101,0.68220790155554567047,2194,2194,0.012072948738932609558,0,0
0.0029718103598522973424,0.52200482963442862427,1.0901425279229319809,0.6822079015555702064,16.561711699673416831,1.8829369118431924512,2.864514007016921493,0.68220790155554589251,2195,2195,0.012085751630365848541,0,0
0.0029718103598522908372,0.52200482963412231374,1.0901425279229155496,0.68220790155556976231,16.561711699673185905,1.8829369118428735952,2.8645140070151984268,0.68220790155554522638,2196,2196,0.012098553590476512909,0,0
0.0029718103598522838983,0.52200482963443850526,1.0901425279229135512,0.68220790155556942924,16.561711699673189457,1.8829369118431700247,2.8645140070169312629,0.68220790155554378309,2197,2197,0.012111356481909751892,0,0
0.0029718103598522773931,0.52200482963413274984,1.0901425279228942333,0.68220790155556898515,16.561711699672855502,1.8829369118428467278,2.864514007015199315,0.68220790155554544842,2198,2198,0.012124159373342990875,0,0
0.0029718103598522708879,0.5220048296344501626,1.0901425279228920129,0.68220790155556865209,16.561711699672862608,1.8829369118431438235,2.8645140070169383684,0.68220790155554378309,2199,2199,0.012136962264776229858,0,0
0.0029718103598522643827,0.52200482963414307491,1.0901425279228751375,0.682207901555568208,16.561711699672610365,1.8829369118428234131,2.864514007015209085,0.68220790155554356105,2200,2200,0.012149765156209468842,0,0
0.0029718103598522578775,0.52200482963446126483,1.0901425279228700305,0.68220790155556787493,16.561711699672553522,1.882936911843116512,2.8645140070169441415,0.68220790155554278389,2201,2201,0.012162567116320133209,0,0
0.0029718103598522513722,0.52200482963415362203,1.0901425279228540433,0.68220790155556754186,16.561711699672311937,1.8829369118427969898,2.86451400701521397,0.68220790155554267287,2202,2202,0.012175370007753372192,0,0
0.002971810359852244867,0.52200482963446781515,1.0901425279228531551,0.68220790155556709777,16.56171169967223733,1.8829369118430936414,2.8645140070169299307,0.68220790155554522638,2203,2203,0.012188172899186611176,0,0
0.0029718103598522387955,0.52200482963416205973,1.0901425279228360576,0.68220790155556676471,16.561711699672038378,1.8829369118427738972,2.8645140070152130818,0.68220790155554267287,2204,2204,0.012200975790619850159,0,0
0.0029718103598522322903,0.52200482963448024964,1.0901425279228289522,0.68220790155556643164,16.561711699671906928,1.8829369118430636654,2.8645140070169383684,0.68220790155554367207,2205,2205,0.012213778682053089142,0,0
0.0029718103598522262188,0.52200482963417227378,1.0901425279228156295,0.68220790155556609857,16.561711699671732845,1.88293691184274814,2.8645140070152161904,0.68220790155554245082,2206,2206,0.01222658064216375351,0,0
0.0029718103598522201472,0.52200482963448824325,1.0901425279228125209,0.68220790155556576551,16.561711699671672449,1.8829369118430427932,2.8645140070169401447,0.68220790155554300593,2207,2207,0.012239383533596992493,0,0
0.0029718103598522140757,0.52200482963418037841,1.090142527922797866,0.68220790155556532142,16.561711699671455733,1.8829369118427250474,2.8645140070152126377,0.68220790155554278389,2208,2208,0.012252186425030231476,0,0
0.0029718103598522080042,0.52200482963450189899,1.090142527922787874,0.68220790155556498835,16.561711699671338494,1.8829369118430130392,2.8645140070169534674,0.68220790155554145162,2209,2209,0.012264989316463470459,0,0
0.0029718103598522019326,0.5220048296341908145,1.090142527922777882,0.68220790155556465528,16.561711699671196385,1.8829369118427008445,2.8645140070152210754,0.68220790155554089651,2210,2210,0.012277792207896709442,0,0
0.0029718103598521962948,0.52200482963450967056,1.090142527922773219,0.68220790155556432222,16.561711699671135989,1.8829369118429952756,2.8645140070169596846,0.68220790155554056344,2211,2211,0.01229059416800737381,0,0
0.0029718103598521902232,0.52200482963420180571,1.0901425279227558995,0.68220790155556398915,16.561711699670873088,1.8829369118426730889,2.8645140070152246281,0.68220790155554056344,2212,2212,0.012303397059440612793,0,0
0.0029718103598521841517,0.52200482963451999563,1.0901425279227550114,0.68220790155556365608,16.561711699670876641,1.8829369118429735153,2.8645140070169703428,0.68220790155553978629,2213,2213,0.012316199950873851776,0,0
0.0029718103598521785139,0.52200482963421079852,1.0901425279227374698,0.68220790155556332302,16.56171169967061374,1.8829369118426499963,2.8645140070152277367,0.68220790155553967526,2214,2214,0.012329002842307090759,0,0
0.002971810359852172876,0.52200482963453076479,1.0901425279227352494,0.68220790155556298995,16.561711699670585318,1.8829369118429497565,2.8645140070169778923,0.68220790155553945322,2215,2215,0.012341804802417755127,0,0
0.0029718103598521672382,0.52200482963422023541,1.0901425279227170417,0.68220790155556265688,16.561711699670308207,1.8829369118426233509,2.8645140070152264045,0.68220790155553945322,2216,2216,0.01235460769385099411,0,0
0.002971810359852162034,0.52200482963454042373,1.0901425279227159315,0.68220790155556243484,16.56171169967028689,1.8829369118429255536,2.8645140070169796687,0.68220790155553956424,2217,2217,0.012367410585284233093,0,0
0.0029718103598521563961,0.5220048296342291172,1.0901425279226979459,0.68220790155556210177,16.561711699670020437,1.882936911842598926,2.8645140070152246281,0.6822079015555393422,2218,2218,0.012380213476717472076,0,0
0.002971810359852151192,0.52200482963455052676,1.0901425279226979459,0.6822079015555617687,16.561711699670041753,1.8829369118429037933,2.8645140070169903268,0.68220790155553845402,2219,2219,0.01239301636815071106,0,0
0.0029718103598521459878,0.52200482963423788796,1.0901425279226792942,0.68220790155556143564,16.561711699669746878,1.8829369118425749452,2.8645140070152246281,0.68220790155553900913,2220,2220,0.012405818328261375427,0,0
0.0029718103598521407836,0.52200482963455940855,1.0901425279226801823,0.68220790155556121359,16.561711699669753983,1.8829369118428815888,2.8645140070169907709,0.68220790155553923118,2221,2221,0.01241862121969461441,0,0
0.0029718103598521355795,0.5220048296342465477,1.0901425279226615306,0.68220790155556088052,16.561711699669480424,1.8829369118425525187,2.8645140070152264045,0.68220790155553889811,2222,2222,0.012431424111127853394,0,0
0.0029718103598521303753,0.52200482963456973362,1.0901425279226590881,0.68220790155556054746,16.561711699669473319,1.8829369118428551655,2.8645140070169956559,0.68220790155553756584,2223,2223,0.012444227002561092377,0,0
0.0029718103598521251711,0.52200482963425687277,1.0901425279226422127,0.68220790155556032541,16.561711699669210418,1.882936911842528982,2.864514007015233954,0.68220790155553789891,2224,2224,0.01245702989399433136,0,0
0.0029718103598521204006,0.52200482963457794927,1.0901425279226415466,0.68220790155555999235,16.561711699669203313,1.882936911842832739,2.8645140070169943236,0.68220790155553767686,2225,2225,0.012469831854104995728,0,0
0.0029718103598521160638,0.52200482963426508842,1.0901425279226251153,0.6822079015555597703,16.561711699668968834,1.8829369118425072216,2.8645140070152361744,0.68220790155553712175,2226,2226,0.012482634745538234711,0,0
0.0029718103598521112933,0.52200482963458683106,1.0901425279226264475,0.68220790155555943723,16.561711699668997255,1.8829369118428149754,2.8645140070170054258,0.68220790155553678868,2227,2227,0.012495437636971473694,0,0
0.0029718103598521065228,0.5220048296342744143,1.0901425279226075737,0.68220790155555921519,16.561711699668713038,1.8829369118424859053,2.8645140070152415035,0.68220790155553667766,2228,2228,0.012508240528404712677,0,0
0.0029718103598521017523,0.52200482963459726715,1.0901425279226060194,0.68220790155555888212,16.561711699668695275,1.8829369118427894403,2.8645140070170098667,0.68220790155553645562,2229,2229,0.01252104341983795166,0,0
0.0029718103598520969819,0.52200482963428351812,1.0901425279225882559,0.68220790155555866008,16.561711699668411057,1.8829369118424612584,2.8645140070152406153,0.68220790155553712175,2230,2230,0.012533845379948616028,0,0
0.002971810359852092645,0.52200482963460370645,1.0901425279225904763,0.68220790155555843803,16.561711699668443032,1.8829369118427690122,2.8645140070170032054,0.68220790155553712175,2231,2231,0.012546648271381855011,0,0
0.0029718103598520887419,0.522004829634292844,1.0901425279225687159,0.68220790155555821599,16.561711699668130393,1.8829369118424359453,2.8645140070152410594,0.68220790155553645562,2232,2232,0.012559451162815093994,0,0
0.0029718103598520839714,0.52200482963461336539,1.0901425279225716025,0.68220790155555788292,16.561711699668137499,1.8829369118427454755,2.8645140070170045377,0.68220790155553778789,2233,2233,0.012572254054248332977,0,0
0.0029718103598520800683,0.52200482963430017147,1.0901425279225529508,0.68220790155555766088,16.561711699667903019,1.8829369118424159613,2.8645140070152415035,0.68220790155553578948,2234,2234,0.01258505694568157196,0,0
0.0029718103598520757315,0.52200482963462457864,1.0901425279225498421,0.68220790155555743883,16.561711699667885256,1.882936911842718386,2.8645140070170156399,0.68220790155553467926,2235,2235,0.012597858905792236328,0,0
0.0029718103598520713947,0.52200482963430760996,1.0901425279225376297,0.68220790155555721679,16.561711699667672093,1.8829369118423964213,2.8645140070152423917,0.68220790155553578948,2236,2236,0.012610661797225475311,0,0
0.0029718103598520670579,0.52200482963462968566,1.0901425279225367415,0.68220790155555688372,16.561711699667647224,1.8829369118427006224,2.864514007017006314,0.68220790155553623357,2237,2237,0.012623464688658714294,0,0
0.0029718103598520627211,0.52200482963431704686,1.0901425279225189779,0.68220790155555666168,16.561711699667412745,1.8829369118423733287,2.8645140070152472767,0.68220790155553479028,2238,2238,0.012636267580091953278,0,0
0.0029718103598520588179,0.52200482963463923358,1.0901425279225180898,0.68220790155555643963,16.561711699667380771,1.8829369118426775298,2.864514007017011199,0.68220790155553556744,2239,2239,0.012649070471525192261,0,0
0.0029718103598520549148,0.52200482963432615069,1.0901425279225021026,0.68220790155555621759,16.561711699667174713,1.8829369118423526785,2.8645140070152543821,0.68220790155553401313,2240,2240,0.012661872431635856628,0,0
0.0029718103598520510117,0.5220048296346487815,1.0901425279224996601,0.68220790155555599554,16.56171169966711787,1.8829369118426548813,2.8645140070170169722,0.68220790155553490131,2241,2241,0.012674675323069095612,0,0
0.0029718103598520471086,0.52200482963433447736,1.0901425279224854492,0.6822079015555557735,16.561711699666950892,1.8829369118423320284,2.864514007015258823,0.68220790155553279188,2242,2242,0.012687478214502334595,0,0
0.0029718103598520436391,0.52200482963465766328,1.0901425279224810083,0.68220790155555555145,16.5617116996668301,1.8829369118426311225,2.864514007017016084,0.68220790155553512335,2243,2243,0.012700281105935573578,0,0
0.0029718103598520401697,0.52200482963434335915,1.0901425279224667975,0.68220790155555544043,16.56171169966665957,1.8829369118423080476,2.8645140070152574907,0.68220790155553323597,2244,2244,0.012713083997368812561,0,0
0.0029718103598520367002,0.52200482963466476871,1.0901425279224656872,0.68220790155555521839,16.561711699666634701,1.8829369118426111385,2.8645140070170178603,0.68220790155553345802,2245,2245,0.012725885957479476929,0,0
0.0029718103598520332308,0.52200482963435168582,1.090142527922449478,0.68220790155555499634,16.561711699666414432,1.8829369118422860652,2.8645140070152592671,0.68220790155553245881,2246,2246,0.012738688848912715912,0,0
0.0029718103598520293276,0.52200482963467420561,1.0901425279224472575,0.6822079015555547743,16.561711699666368247,1.8829369118425884899,2.8645140070170223012,0.6822079015555329029,2247,2247,0.012751491740345954895,0,0
0.0029718103598520258582,0.52200482963435790307,1.0901425279224352671,0.68220790155555455225,16.561711699666197717,1.8829369118422676355,2.8645140070152566025,0.68220790155553245881,2248,2248,0.012764294631779193878,0,0
0.0029718103598520223887,0.52200482963468142206,1.0901425279224306042,0.68220790155555433021,16.561711699666126663,1.8829369118425665075,2.8645140070170196367,0.68220790155553245881,2249,2249,0.012777097523212432861,0,0
0.002971810359852019353,0.52200482963436611872,1.0901425279224177256,0.68220790155555421919,16.561711699665899289,1.8829369118422449869,2.8645140070152526057,0.68220790155553379108,2250,2250,0.012789899483323097229,0,0
0.0029718103598520158835,0.52200482963469163611,1.0901425279224106202,0.68220790155555399714,16.56171169966583534,1.8829369118425416385,2.8645140070170240776,0.68220790155553201473,2251,2251,0.012802702374756336212,0,0
0.0029718103598520128478,0.52200482963437411232,1.0901425279224032927,0.68220790155555388612,16.561711699665718101,1.8829369118422276674,2.8645140070152619316,0.68220790155553223677,2252,2252,0.012815505266189575195,0,0
0.0029718103598520093783,0.52200482963469774234,1.0901425279223970755,0.68220790155555366407,16.561711699665622177,1.882936911842524097,2.864514007017020969,0.68220790155553223677,2253,2253,0.012828308157622814178,0,0
0.0029718103598520067762,0.5220048296343844374,1.0901425279223828646,0.68220790155555344203,16.561711699665437436,1.8829369118422021323,2.8645140070152672607,0.68220790155553101552,2254,2254,0.012841111049056053162,0,0
0.0029718103598520033068,0.52200482963470440367,1.0901425279223830866,0.68220790155555333101,16.561711699665387698,1.8829369118425061114,2.8645140070170191926,0.68220790155553312495,2255,2255,0.012853913009166717529,0,0
0.002971810359852000271,0.52200482963439132078,1.0901425279223675435,0.68220790155555310896,16.561711699665199404,1.8829369118421823703,2.864514007015264152,0.68220790155553123757,2256,2256,0.012866715900599956512,0,0
0.0029718103598519976689,0.52200482963471162012,1.0901425279223673215,0.68220790155555299794,16.561711699665174535,1.8829369118424859053,2.8645140070170196367,0.68220790155553212575,2257,2257,0.012879518792033195496,0,0
0.0029718103598519946332,0.52200482963439753803,1.0901425279223528886,0.6822079015555527759,16.561711699664954267,1.8829369118421628304,2.8645140070152579348,0.68220790155553212575,2258,2258,0.012892321683466434479,0,0
0.0029718103598519920311,0.52200482963471706022,1.090142527922355109,0.68220790155555266487,16.561711699664954267,1.8829369118424699181,2.8645140070170143076,0.68220790155553356904,2259,2259,0.012905124574899673462,0,0
0.0029718103598519889953,0.52200482963440797413,1.0901425279223342368,0.68220790155555244283,16.561711699664737552,1.882936911842140626,2.8645140070152721457,0.68220790155552935019,2260,2260,0.01291792653501033783,0,0
0.0029718103598519863932,0.52200482963472516484,1.0901425279223369014,0.68220790155555233181,16.56171169966470913,1.8829369118424461593,2.8645140070170138635,0.68220790155553223677,2261,2261,0.012930729426443576813,0,0
0.0029718103598519842248,0.52200482963441441342,1.0901425279223184717,0.68220790155555222078,16.56171169966446044,1.8829369118421195317,2.8645140070152628198,0.6822079015555309045,2262,2262,0.012943532317876815796,0,0
0.0029718103598519816227,0.52200482963473382458,1.0901425279223184717,0.68220790155555199874,16.561711699664424913,1.8829369118424226226,2.8645140070170120872,0.68220790155553245881,2263,2263,0.012956335209310054779,0,0
0.0029718103598519790207,0.52200482963441996453,1.0901425279223060372,0.68220790155555188772,16.56171169966425083,1.8829369118421033225,2.864514007015258823,0.68220790155553179268,2264,2264,0.012969138100743293762,0,0
0.0029718103598519764186,0.52200482963474048592,1.0901425279223044829,0.6822079015555517767,16.561711699664215303,1.882936911842404637,2.8645140070170125313,0.68220790155553234779,2265,2265,0.01298194006085395813,0,0
0.0029718103598519742502,0.52200482963442862427,1.0901425279222898279,0.68220790155555166567,16.561711699664019903,1.8829369118420833384,2.8645140070152645961,0.68220790155553123757,2266,2266,0.012994742952287197113,0,0
0.0029718103598519716481,0.52200482963474759135,1.09014252792229005,0.68220790155555144363,16.561711699664019903,1.8829369118423866514,2.864514007017016084,0.68220790155553134859,2267,2267,0.013007545843720436096,0,0
0.0029718103598519694797,0.52200482963443606277,1.090142527922275395,0.68220790155555133261,16.561711699663785424,1.8829369118420655749,2.8645140070152668166,0.68220790155553179268,2268,2268,0.013020348735153675079,0,0
0.0029718103598519673113,0.52200482963475458575,1.0901425279222756171,0.68220790155555122158,16.561711699663799635,1.8829369118423684437,2.864514007017016084,0.68220790155553134859,2269,2269,0.013033151626586914062,0,0
0.0029718103598519651429,0.52200482963444272411,1.0901425279222614062,0.68220790155555111056,16.561711699663561603,1.8829369118420478113,2.8645140070152654843,0.68220790155553223677,2270,2270,0.01304595358669757843,0,0
0.0029718103598519629745,0.52200482963476402265,1.090142527922255411,0.68220790155555099954,16.561711699663526076,1.8829369118423422425,2.8645140070170174162,0.6822079015555299053,2271,2271,0.013058756478130817413,0,0
0.0029718103598519612397,0.52200482963445060669,1.0901425279222463072,0.68220790155555088852,16.561711699663355546,1.8829369118420291596,2.8645140070152708134,0.68220790155553123757,2272,2272,0.013071559369564056396,0,0
0.0029718103598519590713,0.52200482963476990683,1.0901425279222418663,0.68220790155555077749,16.561711699663312913,1.8829369118423244789,2.8645140070170138635,0.68220790155553023837,2273,2273,0.01308436226099729538,0,0
0.0029718103598519573366,0.52200482963445693496,1.0901425279222327624,0.68220790155555066647,16.561711699663156594,1.8829369118420118401,2.8645140070152708134,0.68220790155553101552,2274,2274,0.013097165152430534363,0,0
0.0029718103598519556019,0.5220048296347742367,1.0901425279222316522,0.68220790155555055545,16.56171169966312462,1.8829369118423111562,2.8645140070170080904,0.68220790155553168166,2275,2275,0.01310996711254119873,0,0
0.0029718103598519534335,0.52200482963446470652,1.0901425279222176634,0.68220790155555044443,16.561711699662907904,1.8829369118419929663,2.8645140070152717016,0.68220790155553179268,2276,2276,0.013122770003974437714,0,0
0.0029718103598519521324,0.52200482963478389564,1.0901425279222138887,0.68220790155555033341,16.561711699662872377,1.8829369118422896179,2.8645140070170156399,0.6822079015555309045,2277,2277,0.013135572895407676697,0,0
0.0029718103598519503977,0.52200482963447258911,1.0901425279222027864,0.68220790155555022238,16.561711699662730268,1.8829369118419747586,2.8645140070152801393,0.68220790155552979428,2278,2278,0.01314837578684091568,0,0
0.002971810359851948663,0.52200482963478922471,1.0901425279222012321,0.68220790155555011136,16.561711699662673425,1.8829369118422727425,2.8645140070170107549,0.68220790155553123757,2279,2279,0.013161178678274154663,0,0
0.0029718103598519469283,0.52200482963447747409,1.0901425279221894638,0.68220790155555000034,16.56171169966251,1.882936911841956551,2.8645140070152708134,0.68220790155553057144,2280,2280,0.013173980638384819031,0,0
0.0029718103598519451936,0.52200482963479566401,1.0901425279221854669,0.68220790155555000034,16.561711699662396313,1.8829369118422516483,2.864514007017001429,0.68220790155553268086,2281,2281,0.013186783529818058014,0,0
0.0029718103598519438925,0.52200482963448324725,1.0901425279221765852,0.68220790155554988932,16.561711699662307495,1.8829369118419396756,2.8645140070152677048,0.68220790155553079348,2282,2282,0.013199586421251296997,0,0
0.0029718103598519421578,0.52200482963480399068,1.0901425279221685916,0.68220790155554977829,16.56171169966218315,1.882936911842230332,2.864514007017006314,0.68220790155553101552,2283,2283,0.01321238931268453598,0,0
0.0029718103598519404231,0.52200482963449090779,1.0901425279221597098,0.68220790155554966727,16.561711699662062358,1.8829369118419176932,2.8645140070152668166,0.68220790155553034939,2284,2284,0.013225192204117774963,0,0
0.002971810359851939122,0.52200482963480931975,1.0901425279221561571,0.68220790155554955625,16.561711699661980646,1.8829369118422141227,2.8645140070170023172,0.68220790155553157064,2285,2285,0.013237994164228439331,0,0
0.0029718103598519382547,0.52200482963449656992,1.0901425279221468312,0.68220790155554955625,16.561711699661849195,1.8829369118419010398,2.8645140070152623757,0.68220790155553112655,2286,2286,0.013250797055661678314,0,0
0.0029718103598519369536,0.52200482963481575904,1.0901425279221432785,0.68220790155554944523,16.561711699661795905,1.8829369118421979135,2.8645140070170045377,0.68220790155553101552,2287,2287,0.013263599947094917297,0,0
0.0029718103598519356526,0.52200482963450256513,1.0901425279221341746,0.68220790155554944523,16.561711699661618269,1.8829369118418848306,2.8645140070152583789,0.68220790155553268086,2288,2288,0.013276402838528156281,0,0
0.0029718103598519343515,0.52200482963482219834,1.0901425279221290676,0.6822079015555493342,16.561711699661589847,1.8829369118421792617,2.8645140070170036495,0.68220790155553068246,2289,2289,0.013289204798638820648,0,0
0.0029718103598519330505,0.52200482963450678398,1.0901425279221239606,0.68220790155554922318,16.561711699661444186,1.8829369118418710638,2.8645140070152530498,0.68220790155553345802,2290,2290,0.013302007690072059631,0,0
0.0029718103598519321831,0.52200482963483008092,1.0901425279221126363,0.68220790155554922318,16.561711699661366026,1.8829369118421583895,2.864514007017006314,0.68220790155552957224,2291,2291,0.013314810581505298615,0,0
0.0029718103598519308821,0.5220048296345148886,1.0901425279221095277,0.68220790155554911216,16.561711699661270103,1.8829369118418537443,2.864514007015263708,0.68220790155553168166,2292,2292,0.013327613472938537598,0,0
0.0029718103598519300147,0.52200482963483429977,1.0901425279221006459,0.68220790155554911216,16.561711699661142205,1.8829369118421419582,2.8645140070169943236,0.68220790155553123757,2293,2293,0.013340416364371776581,0,0
0.0029718103598519291474,0.52200482963451999563,1.0901425279220966491,0.68220790155554900114,16.561711699661046282,1.8829369118418366469,2.8645140070152552703,0.68220790155553279188,2294,2294,0.013353218324482440948,0,0
0.0029718103598519287137,0.52200482963484196031,1.0901425279220844367,0.68220790155554900114,16.561711699660932595,1.882936911842121086,2.8645140070169965441,0.68220790155552979428,2295,2295,0.013366021215915679932,0,0
0.0029718103598519278463,0.52200482963452621288,1.0901425279220833264,0.68220790155554900114,16.561711699660872199,1.8829369118418195495,2.8645140070152566025,0.68220790155553157064,2296,2296,0.013378824107348918915,0,0
0.002971810359851926979,0.52200482963484817756,1.0901425279220704478,0.68220790155554889012,16.561711699660719432,1.8829369118421026563,2.8645140070169938795,0.68220790155552979428,2297,2297,0.013391626998782157898,0,0
0.0029718103598519261116,0.5220048296345303207,1.0901425279220735565,0.68220790155554889012,16.561711699660687458,1.8829369118418064488,2.8645140070152508294,0.68220790155553312495,2298,2298,0.013404429890215396881,0,0
0.0029718103598519252442,0.52200482963485195231,1.0901425279220591236,0.68220790155554877909,16.561711699660513375,1.8829369118420866691,2.864514007016981445,0.68220790155553123757,2299,2299,0.013417231850326061249,0,0
0.0029718103598519248106,0.52200482963453698204,1.0901425279220600117,0.68220790155554877909,16.561711699660488506,1.8829369118417893514,2.8645140070152526057,0.68220790155553279188,2300,2300,0.013430034741759300232,0,0
0.0029718103598519243769,0.52200482963485583809,1.0901425279220495757,0.68220790155554877909,16.561711699660357056,1.8829369118420740126,2.8645140070169774482,0.68220790155553168166,2301,2301,0.013442837633192539215,0,0
0.0029718103598519235095,0.52200482963454397645,1.0901425279220444686,0.68220790155554866807,16.561711699660239816,1.8829369118417691453,2.864514007015249053,0.68220790155553334699,2302,2302,0.013455640524625778198,0,0
0.0029718103598519230758,0.52200482963486027899,1.0901425279220395836,0.68220790155554866807,16.561711699660168762,1.882936911842061134,2.8645140070169725632,0.68220790155553312495,2303,2303,0.013468443416059017181,0,0
0.0029718103598519230758,0.52200482963455185903,1.0901425279220284814,0.68220790155554866807,16.56171169966006218,1.8829369118417489393,2.8645140070152552703,0.68220790155553057144,2304,2304,0.013481245376169681549,0,0
0.0029718103598519226421,0.52200482963486594112,1.0901425279220269271,0.68220790155554866807,16.561711699659980468,1.8829369118420442586,2.8645140070169703428,0.68220790155553301393,2305,2305,0.013494048267602920532,0,0
0.0029718103598519222085,0.52200482963455607788,1.0901425279220156028,0.68220790155554866807,16.56171169965985257,1.8829369118417307316,2.864514007015244168,0.68220790155553123757,2306,2306,0.013506851159036159515,0,0
0.0029718103598519222085,0.52200482963487160326,1.0901425279220153808,0.68220790155554866807,16.561711699659834807,1.8829369118420300477,2.8645140070169734514,0.68220790155553179268,2307,2307,0.013519654050469398499,0,0
0.0029718103598519217748,0.5220048296345611849,1.0901425279220038345,0.68220790155554855705,16.561711699659650066,1.8829369118417154105,2.864514007015238839,0.68220790155553223677,2308,2308,0.013532456941902637482,0,0
0.0029718103598519217748,0.52200482963487848664,1.090142527922001392,0.68220790155554855705,16.561711699659632302,1.8829369118420122842,2.8645140070169756719,0.68220790155553134859,2309,2309,0.013545258902013301849,0,0
0.0029718103598519213411,0.52200482963456651397,1.0901425279219918441,0.68220790155554855705,16.56171169965947243,1.8829369118416998674,2.8645140070152370626,0.68220790155553201473,2310,2310,0.013558061793446540833,0,0
0.0029718103598519213411,0.52200482963488403776,1.0901425279219885134,0.68220790155554855705,16.561711699659401376,1.8829369118419954088,2.8645140070169694546,0.6822079015555329029,2311,2311,0.013570864684879779816,0,0
0.0029718103598519213411,0.52200482963456806829,1.0901425279219845166,0.68220790155554855705,16.561711699659337427,1.8829369118416883211,2.8645140070152237399,0.6822079015555329029,2312,2312,0.013583667576313018799,0,0
0.0029718103598519217748,0.52200482963489047705,1.0901425279219760789,0.68220790155554855705,16.561711699659230845,1.8829369118419798657,2.8645140070169734514,0.68220790155553212575,2313,2313,0.013596470467746257782,0,0
0.0029718103598519217748,0.52200482963457495167,1.0901425279219696396,0.68220790155554855705,16.561711699659159791,1.8829369118416692253,2.8645140070152277367,0.68220790155553101552,2314,2314,0.01360927242785692215,0,0
0.0029718103598519217748,0.52200482963489625021,1.0901425279219636444,0.68220790155554855705,16.561711699659028341,1.8829369118419638784,2.8645140070169707869,0.68220790155553268086,2315,2315,0.013622075319290161133,0,0
0.0029718103598519222085,0.52200482963457850438,1.0901425279219585374,0.68220790155554866807,16.561711699658943076,1.8829369118416536821,2.8645140070152130818,0.68220790155553301393,2316,2316,0.013634878210723400116,0,0
0.0029718103598519222085,0.52200482963490024702,1.0901425279219552067,0.68220790155554866807,16.561711699658886232,1.8829369118419532203,2.8645140070169698987,0.68220790155553312495,2317,2317,0.013647681102156639099,0,0
0.0029718103598519226421,0.52200482963458416652,1.0901425279219449926,0.68220790155554866807,16.561711699658754782,1.8829369118416354745,2.8645140070152104173,0.68220790155553223677,2318,2318,0.013660483993589878082,0,0
0.0029718103598519230758,0.5220048296349041328,1.0901425279219443265,0.68220790155554866807,16.561711699658719255,1.8829369118419378992,2.8645140070169627933,0.68220790155553323597,2319,2319,0.01367328595370054245,0,0
0.0029718103598519235095,0.52200482963459071684,1.0901425279219307818,0.68220790155554866807,16.56171169965855583,1.8829369118416172668,2.8645140070152104173,0.68220790155553157064,2320,2320,0.013686088845133781433,0,0
0.0029718103598519239432,0.52200482963490857369,1.0901425279219336684,0.68220790155554866807,16.561711699658545172,1.8829369118419239104,2.8645140070169579083,0.68220790155553379108,2321,2321,0.013698891736567020416,0,0
0.0029718103598519243769,0.52200482963459460262,1.0901425279219212339,0.68220790155554877909,16.561711699658356878,1.8829369118416041662,2.8645140070152019796,0.68220790155553368006,2322,2322,0.013711694628000259399,0,0
0.0029718103598519252442,0.52200482963491134925,1.0901425279219247866,0.68220790155554877909,16.561711699658385299,1.8829369118419112539,2.8645140070169476942,0.68220790155553479028,2323,2323,0.013724497519433498383,0,0
0.0029718103598519256779,0.52200482963459737817,1.0901425279219130182,0.68220790155554877909,16.561711699658232533,1.8829369118415928419,2.8645140070151957623,0.68220790155553368006,2324,2324,0.01373729947954416275,0,0
0.0029718103598519261116,0.52200482963491778854,1.0901425279219110198,0.68220790155554889012,16.561711699658200558,1.8829369118418937123,2.8645140070169485824,0.68220790155553379108,2325,2325,0.013750102370977401733,0,0
0.002971810359851926979,0.52200482963460070884,1.0901425279219043585,0.68220790155554889012,16.561711699658072661,1.8829369118415808515,2.8645140070151886569,0.68220790155553490131,2326,2326,0.013762905262410640717,0,0
0.0029718103598519274126,0.52200482963492467192,1.0901425279218981412,0.68220790155554889012,16.561711699658037134,1.8829369118418775031,2.8645140070169547997,0.68220790155553245881,2327,2327,0.0137757081538438797,0,0
0.00297181035985192828,0.52200482963460537178,1.0901425279218923681,0.68220790155554900114,16.56171169965788792,1.8829369118415648643,2.8645140070151828837,0.68220790155553501233,2328,2328,0.013788511045277118683,0,0
0.0029718103598519291474,0.52200482963492778055,1.090142527921887039,0.68220790155554900114,16.561711699657831076,1.8829369118418617379,2.8645140070169401447,0.68220790155553401313,2329,2329,0.013801313005387783051,0,0
0.0029718103598519300147,0.52200482963461125596,1.0901425279218801556,0.68220790155554911216,16.561711699657735153,1.8829369118415493212,2.8645140070151859923,0.68220790155553368006,2330,2330,0.013814115896821022034,0,0
0.0029718103598519313158,0.52200482963492922384,1.0901425279218812658,0.68220790155554911216,16.561711699657696073,1.8829369118418530782,2.8645140070169285984,0.68220790155553601153,2331,2331,0.013826918788254261017,0,0
0.0029718103598519317494,0.52200482963461558583,1.0901425279218701636,0.68220790155554922318,16.561711699657553964,1.8829369118415362205,2.8645140070151806633,0.68220790155553479028,2332,2332,0.0138397216796875,0,0
0.0029718103598519330505,0.52200482963493355371,1.0901425279218712738,0.68220790155554922318,16.561711699657553964,1.8829369118418397555,2.864514007016926822,0.68220790155553556744,2333,2333,0.013852524571120738983,0,0
0.0029718103598519339179,0.52200482963462047081,1.0901425279218597275,0.6822079015555493342,16.561711699657401198,1.8829369118415226758,2.8645140070151806633,0.68220790155553467926,2334,2334,0.013865326531231403351,0,0
0.0029718103598519352189,0.52200482963493710642,1.0901425279218606157,0.6822079015555493342,16.56171169965739054,1.8829369118418246565,2.8645140070169179403,0.68220790155553556744,2335,2335,0.013878129422664642334,0,0
0.0029718103598519365199,0.52200482963462457864,1.0901425279218497355,0.68220790155554944523,16.56171169965723422,1.8829369118415093531,2.8645140070151757783,0.68220790155553523437,2336,2336,0.013890932314097881317,0,0
0.0029718103598519373873,0.52200482963493988198,1.0901425279218517339,0.68220790155554955625,16.561711699657255537,1.8829369118418119999,2.8645140070169103907,0.68220790155553567846,2337,2337,0.0139037352055311203,0,0
0.0029718103598519386883,0.52200482963462913055,1.0901425279218399655,0.68220790155554955625,16.561711699657074348,1.8829369118414966966,2.8645140070151740019,0.68220790155553578948,2338,2338,0.013916538096964359283,0,0
0.0029718103598519395557,0.52200482963494387878,1.0901425279218401876,0.68220790155554966727,16.561711699657067243,1.8829369118417960127,2.8645140070169010649,0.68220790155553623357,2339,2339,0.013929340057075023651,0,0
0.0029718103598519408567,0.52200482963463146202,1.0901425279218304176,0.68220790155554966727,16.561711699656910923,1.8829369118414824857,2.8645140070151597911,0.68220790155553656664,2340,2340,0.013942142948508262634,0,0
0.0029718103598519417241,0.52200482963494765354,1.0901425279218301956,0.68220790155554977829,16.561711699656903818,1.882936911841782246,2.8645140070168944035,0.68220790155553667766,2341,2341,0.013954945839941501617,0,0
0.0029718103598519430252,0.52200482963463468167,1.0901425279218204256,0.68220790155554988932,16.561711699656761709,1.8829369118414682749,2.8645140070151522416,0.68220790155553645562,2342,2342,0.013967748731374740601,0,0
0.0029718103598519443262,0.52200482963495209443,1.0901425279218190934,0.68220790155554988932,16.561711699656726182,1.8829369118417671469,2.8645140070168890745,0.68220790155553701073,2343,2343,0.013980551622807979584,0,0
0.0029718103598519456272,0.52200482963463767927,1.0901425279218119879,0.68220790155555000034,16.561711699656619601,1.8829369118414567286,2.864514007015144692,0.68220790155553689971,2344,2344,0.013993353582918643951,0,0
0.0029718103598519469283,0.52200482963495531408,1.0901425279218113218,0.68220790155555000034,16.561711699656584074,1.8829369118417569329,2.8645140070168837454,0.68220790155553800993,2345,2345,0.014006156474351882935,0,0
0.002971810359851948663,0.52200482963463867847,1.0901425279218068809,0.68220790155555011136,16.561711699656530783,1.882936911841448735,2.8645140070151358103,0.68220790155553745482,2346,2346,0.014018959365785121918,0,0
0.0029718103598519503977,0.5220048296349574235,1.0901425279218048825,0.68220790155555022238,16.561711699656491703,1.882936911841747607,2.8645140070168788604,0.68220790155553778789,2347,2347,0.014031762257218360901,0,0
0.0029718103598519516988,0.5220048296346427863,1.0901425279217948905,0.68220790155555033341,16.561711699656338936,1.8829369118414318596,2.8645140070151260403,0.68220790155553778789,2348,2348,0.014044565148651599884,0,0
0.0029718103598519534335,0.52200482963496097621,1.0901425279217937803,0.68220790155555044443,16.561711699656292751,1.8829369118417318418,2.86451400701686687,0.68220790155553900913,2349,2349,0.014057367108762264252,0,0
0.0029718103598519547345,0.52200482963464667208,1.0901425279217851205,0.68220790155555044443,16.561711699656171959,1.8829369118414187589,2.8645140070151202671,0.68220790155553856504,2350,2350,0.014070170000195503235,0,0
0.0029718103598519564693,0.52200482963496275257,1.0901425279217866748,0.68220790155555055545,16.56171169965614709,1.8829369118417214057,2.8645140070168544355,0.68220790155554056344,2351,2351,0.014082972891628742218,0,0
0.002971810359851958204,0.52200482963465255626,1.0901425279217729081,0.68220790155555066647,16.561711699656026298,1.8829369118414029938,2.8645140070151238199,0.68220790155553689971,2352,2352,0.014095775783061981201,0,0
0.0029718103598519599387,0.52200482963496475097,1.0901425279217811237,0.68220790155555077749,16.561711699656076036,1.8829369118417136342,2.8645140070168522151,0.68220790155554011935,2353,2353,0.014108578674495220184,0,0
0.0029718103598519616734,0.5220048296346517791,1.090142527921767801,0.68220790155555088852,16.561711699655877084,1.8829369118413936679,2.864514007015099839,0.68220790155553989731,2354,2354,0.014121380634605884552,0,0
0.0029718103598519638418,0.52200482963496774858,1.0901425279217722419,0.68220790155555099954,16.561711699655926822,1.8829369118417011997,2.8645140070168442215,0.68220790155554056344,2355,2355,0.014134183526039123535,0,0
0.0029718103598519655766,0.52200482963465366648,1.0901425279217604736,0.68220790155555111056,16.561711699655752739,1.8829369118413827877,2.8645140070150900691,0.68220790155554045242,2356,2356,0.014146986417472362518,0,0
0.0029718103598519673113,0.52200482963497196742,1.0901425279217615838,0.68220790155555122158,16.561711699655763397,1.8829369118416867668,2.8645140070168393365,0.68220790155554067447,2357,2357,0.014159789308905601501,0,0
0.002971810359851969046,0.52200482963465766328,1.0901425279217515918,0.68220790155555133261,16.561711699655628394,1.8829369118413712414,2.8645140070150900691,0.68220790155554000833,2358,2358,0.014172591269016265869,0,0
0.0029718103598519707807,0.52200482963497252253,1.0901425279217564768,0.68220790155555144363,16.561711699655681684,1.8829369118416787732,2.8645140070168282342,0.68220790155554089651,2359,2359,0.014185394160449504852,0,0
0.0029718103598519725154,0.52200482963465899555,1.0901425279217458186,0.68220790155555155465,16.561711699655525365,1.8829369118413625817,2.8645140070150807432,0.68220790155554067447,2360,2360,0.014198197051882743835,0,0
0.0029718103598519746839,0.52200482963497651934,1.0901425279217464848,0.68220790155555166567,16.561711699655514707,1.8829369118416650064,2.8645140070168224611,0.68220790155554145162,2361,2361,0.014210999943315982819,0,0
0.0029718103598519768523,0.52200482963466132702,1.0901425279217387132,0.6822079015555517767,16.56171169965540102,1.8829369118413525896,2.8645140070150727496,0.6822079015555413406,2362,2362,0.014223802834749221802,0,0
0.002971810359851978587,0.52200482963497896183,1.0901425279217384912,0.68220790155555188772,16.56171169965536194,1.8829369118416536821,2.864514007016812247,0.68220790155554278389,2363,2363,0.014236604794859886169,0,0
0.0029718103598519807554,0.52200482963466410258,1.0901425279217298314,0.68220790155555199874,16.561711699655241148,1.8829369118413399331,2.8645140070150629796,0.6822079015555423398,2364,2364,0.014249407686293125153,0,0
0.0029718103598519824901,0.52200482963498251454,1.0901425279217300535,0.68220790155555210976,16.561711699655255359,1.8829369118416423579,2.8645140070168118029,0.68220790155554189571,2365,2365,0.014262210577726364136,0,0
0.0029718103598519846585,0.52200482963466432462,1.0901425279217260567,0.68220790155555222078,16.561711699655170094,1.8829369118413334938,2.8645140070150532097,0.68220790155554289491,2366,2366,0.014275013469159603119,0,0
0.0029718103598519868269,0.5220048296349842909,1.090142527921722948,0.68220790155555233181,16.56171169965511325,1.8829369118416319218,2.8645140070167998125,0.682207901555543339,2367,2367,0.014287816360592842102,0,0
0.0029718103598519885616,0.52200482963466654507,1.0901425279217187292,0.68220790155555244283,16.561711699655049301,1.8829369118413230577,2.864514007015044772,0.682207901555543339,2368,2368,0.01430061832070350647,0,0
0.00297181035985199073,0.52200482963498651134,1.0901425279217156206,0.68220790155555255385,16.561711699654960483,1.8829369118416212636,2.8645140070167891544,0.68220790155554500434,2369,2369,0.014313421212136745453,0,0
0.0029718103598519928985,0.52200482963467154107,1.0901425279217098474,0.68220790155555266487,16.561711699654921404,1.8829369118413121775,2.864514007015049657,0.68220790155554300593,2370,2370,0.014326224103569984436,0,0
0.0029718103598519950669,0.52200482963498784361,1.0901425279217100694,0.6822079015555527759,16.561711699654850349,1.8829369118416128259,2.8645140070167793844,0.68220790155554600354,2371,2371,0.014339026995003223419,0,0
0.0029718103598519972353,0.52200482963467143005,1.0901425279217062947,0.68220790155555288692,16.561711699654846797,1.8829369118413059603,2.8645140070150376665,0.68220790155554389411,2372,2372,0.014351829886436462402,0,0
0.0029718103598519994037,0.52200482963498817668,1.0901425279217031861,0.68220790155555310896,16.561711699654740215,1.8829369118416015016,2.8645140070167633972,0.6822079015555463366,2373,2373,0.01436463184654712677,0,0
0.0029718103598520015721,0.52200482963467287334,1.0901425279217000774,0.68220790155555321999,16.561711699654754426,1.8829369118412966344,2.8645140070150296729,0.68220790155554378309,2374,2374,0.014377434737980365753,0,0
0.0029718103598520041742,0.5220048296349902861,1.0901425279216969688,0.68220790155555333101,16.561711699654633634,1.8829369118415926199,2.86451400701675718,0.68220790155554678069,2375,2375,0.014390237629413604736,0,0
0.0029718103598520063426,0.52200482963467575992,1.0901425279216898634,0.68220790155555344203,16.561711699654598107,1.8829369118412819795,2.8645140070150185707,0.68220790155554378309,2376,2376,0.014403040520846843719,0,0
0.002971810359852008511,0.52200482963499239553,1.0901425279216889752,0.68220790155555355305,16.561711699654498631,1.8829369118415808515,2.8645140070167465218,0.6822079015555473358,2377,2377,0.014415843412280082703,0,0
0.002971810359852011113,0.5220048296346746497,1.0901425279216869768,0.6822079015555537751,16.561711699654491525,1.8829369118412757622,2.864514007014999919,0.6822079015555463366,2378,2378,0.01442864537239074707,0,0
0.0029718103598520132815,0.52200482963499217348,1.0901425279216871989,0.68220790155555388612,16.561711699654448893,1.8829369118415777429,2.8645140070167389723,0.682207901555548335,2379,2379,0.014441448263823986053,0,0
0.0029718103598520158835,0.52200482963467653708,1.0901425279216787612,0.68220790155555399714,16.561711699654338759,1.8829369118412635498,2.8645140070149857081,0.68220790155554744683,2380,2380,0.014454251155257225037,0,0
0.0029718103598520180519,0.52200482963499517108,1.0901425279216809816,0.68220790155555410816,16.561711699654384944,1.8829369118415695272,2.8645140070167416368,0.68220790155554700274,2381,2381,0.01446705404669046402,0,0
0.002971810359852020654,0.52200482963467820241,1.0901425279216720998,0.68220790155555421919,16.561711699654207308,1.8829369118412535578,2.86451400701497505,0.68220790155554877909,2382,2382,0.014479856938123703003,0,0
0.0029718103598520232561,0.52200482963499628131,1.0901425279216754305,0.68220790155555444123,16.561711699654292573,1.8829369118415610895,2.8645140070167318669,0.68220790155554744683,2383,2383,0.014492658898234367371,0,0
0.0029718103598520254245,0.52200482963468142206,1.0901425279216649944,0.68220790155555455225,16.56171169965411849,1.8829369118412442319,2.8645140070149759381,0.68220790155554800194,2384,2384,0.014505461789667606354,0,0
0.0029718103598520280266,0.5220048296349932837,1.0901425279216756525,0.68220790155555466328,16.561711699654182439,1.8829369118415588691,2.8645140070167065538,0.68220790155555199874,2385,2385,0.014518264681100845337,0,0
0.0029718103598520306287,0.52200482963468453068,1.0901425279216563347,0.68220790155555488532,16.561711699654019014,1.8829369118412322415,2.8645140070149723854,0.68220790155554666967,2386,2386,0.01453106757253408432,0,0
0.0029718103598520332308,0.52200482963499550415,1.0901425279216674369,0.68220790155555499634,16.561711699654058094,1.8829369118415466566,2.8645140070166972279,0.68220790155555199874,2387,2387,0.014543870463967323303,0,0
0.0029718103598520358329,0.5220048296346816441,1.0901425279216547803,0.68220790155555510736,16.561711699653912433,1.8829369118412266904,2.8645140070149457401,0.68220790155555011136,2388,2388,0.014556672424077987671,0,0
0.0029718103598520380013,0.52200482963499783562,1.0901425279216601094,0.68220790155555532941,16.561711699653969276,1.8829369118415362205,2.8645140070166923429,0.68220790155555111056,2389,2389,0.014569475315511226654,0,0
0.0029718103598520406033,0.52200482963468186615,1.0901425279216512276,0.68220790155555544043,16.56171169965385559,1.8829369118412209172,2.8645140070149377465,0.68220790155555022238,2390,2390,0.014582278206944465637,0,0
0.0029718103598520432054,0.52200482963499883482,1.0901425279216518938,0.68220790155555555145,16.561711699653830721,1.8829369118415228979,2.8645140070166754676,0.68220790155555166567,2391,2391,0.01459508109837770462,0,0
0.0029718103598520458075,0.52200482963468197717,1.0901425279216470088,0.68220790155555566248,16.561711699653766772,1.8829369118412135897,2.8645140070149244238,0.68220790155555122158,2392,2392,0.014607883989810943604,0,0
0.0029718103598520479759,0.52200482963500050015,1.0901425279216450104,0.68220790155555588452,16.561711699653709928,1.8829369118415126838,2.8645140070166652535,0.68220790155555233181,2393,2393,0.014620685949921607971,0,0
0.002971810359852050578,0.52200482963468153308,1.0901425279216445663,0.68220790155555599554,16.561711699653717034,1.8829369118412091488,2.8645140070149146538,0.6822079015555517767,2394,2394,0.014633488841354846954,0,0
0.0029718103598520531801,0.52200482963500216549,1.0901425279216401254,0.68220790155555610657,16.561711699653649532,1.8829369118415055784,2.8645140070166621449,0.6822079015555517767,2395,2395,0.014646291732788085938,0,0
0.0029718103598520557822,0.52200482963468342046,1.0901425279216394593,0.68220790155555632861,16.561711699653624663,1.8829369118412020434,2.864514007014910657,0.68220790155555233181,2396,2396,0.014659094624221324921,0,0
0.0029718103598520583843,0.52200482963500383082,1.0901425279216323538,0.68220790155555643963,16.561711699653539398,1.88293691184149381,2.8645140070166519308,0.68220790155555144363,2397,2397,0.014671897515654563904,0,0
0.0029718103598520609863,0.52200482963468353148,1.0901425279216345743,0.68220790155555655065,16.561711699653535845,1.8829369118411938278,2.8645140070148968903,0.68220790155555288692,2398,2398,0.014684699475765228271,0,0
0.0029718103598520640221,0.52200482963500394185,1.0901425279216276909,0.6822079015555567727,16.561711699653429264,1.8829369118414860385,2.8645140070166368318,0.68220790155555310896,2399,2399,0.014697502367198467255,0,0
0.0029718103598520666242,0.52200482963468664011,1.0901425279216263586,0.68220790155555688372,16.5617116996534115,1.8829369118411825035,2.8645140070148924494,0.68220790155555288692,2400,2400,0.014710305258631706238,0,0
0.0029718103598520692263,0.52200482963500249856,1.0901425279216263586,0.68220790155555710577,16.56171169965337242,1.8829369118414824857,2.8645140070166226209,0.68220790155555455225,2401,2401,0.014723108150064945221,0,0
0.002971810359852072262,0.52200482963468575193,1.0901425279216245823,0.68220790155555721679,16.561711699653368868,1.8829369118411787287,2.8645140070148813471,0.68220790155555355305,2402,2402,0.014735911041498184204,0,0
0.0029718103598520748641,0.52200482963500383082,1.0901425279216205855,0.68220790155555743883,16.561711699653304919,1.882936911841473604,2.8645140070166159596,0.6822079015555537751,2403,2403,0.014748713001608848572,0,0
0.0029718103598520774662,0.52200482963468475273,1.0901425279216210296,0.68220790155555754986,16.561711699653276497,1.8829369118411716233,2.8645140070148631395,0.68220790155555510736,2404,2404,0.014761515893042087555,0,0
0.002971810359852080502,0.52200482963500260958,1.0901425279216174768,0.6822079015555577719,16.561711699653219654,1.8829369118414669426,2.8645140070165977519,0.68220790155555532941,2405,2405,0.014774318784475326538,0,0
0.0029718103598520831041,0.52200482963468597397,1.0901425279216148123,0.68220790155555788292,16.561711699653173469,1.8829369118411620754,2.8645140070148529254,0.68220790155555555145,2406,2406,0.014787121675908565521,0,0
0.0029718103598520861398,0.52200482963500260958,1.0901425279216143682,0.68220790155555799394,16.561711699653159258,1.8829369118414616135,2.8645140070165884261,0.6822079015555557735,2407,2407,0.014799924567341804504,0,0
0.0029718103598520887419,0.52200482963468686215,1.0901425279216094832,0.68220790155555821599,16.561711699653081098,1.8829369118411534156,2.8645140070148427114,0.68220790155555599554,2408,2408,0.014812726527452468872,0,0
0.0029718103598520917777,0.52200482963500438593,1.0901425279216070408,0.68220790155555832701,16.561711699653059782,1.8829369118414507334,2.8645140070165799884,0.68220790155555532941,2409,2409,0.014825529418885707855,0,0
0.0029718103598520943798,0.52200482963468508579,1.0901425279216077069,0.68220790155555854906,16.561711699653034913,1.8829369118411489747,2.8645140070148271683,0.6822079015555567727,2410,2410,0.014838332310318946838,0,0
0.0029718103598520969819,0.52200482963500183242,1.0901425279216061526,0.68220790155555866008,16.561711699652995833,1.8829369118414467366,2.8645140070165595603,0.68220790155555743883,2411,2411,0.014851135201752185822,0,0
0.0029718103598521000176,0.52200482963468297637,1.0901425279216068187,0.68220790155555888212,16.561711699652988727,1.8829369118411452,2.8645140070148098488,0.68220790155555810497,2412,2412,0.014863938093185424805,0,0
0.0029718103598521030534,0.52200482963500116629,1.0901425279216028219,0.68220790155555899315,16.561711699652931884,1.8829369118414405193,2.8645140070165462376,0.68220790155555799394,2413,2413,0.014876740053296089172,0,0
0.0029718103598521056555,0.52200482963468242126,1.090142527921603266,0.68220790155555921519,16.561711699652871488,1.8829369118411385386,2.8645140070147925293,0.6822079015555607695,2414,2414,0.014889542944729328156,0,0
0.0029718103598521086912,0.52200482963500005607,1.0901425279216010455,0.68220790155555932621,16.561711699652889251,1.8829369118414363005,2.8645140070165342472,0.68220790155555854906,2415,2415,0.014902345836162567139,0,0
0.0029718103598521108596,0.52200482963468308739,1.0901425279215997133,0.68220790155555943723,16.561711699652850172,1.8829369118411329875,2.8645140070147894207,0.68220790155555932621,2416,2416,0.014915148727595806122,0,0
0.0029718103598521134617,0.52200482963499861278,1.0901425279216001574,0.68220790155555965928,16.561711699652843066,1.8829369118414331918,2.8645140070165204804,0.68220790155555988132,2417,2417,0.014927951619029045105,0,0
0.0029718103598521164975,0.5220048296346836425,1.0901425279215939401,0.6822079015555597703,16.561711699652747143,1.8829369118411238837,2.8645140070147765421,0.68220790155555999235,2418,2418,0.014940753579139709473,0,0
0.0029718103598521190996,0.52200482963499716949,1.090142527921598381,0.68220790155555988132,16.561711699652772012,1.882936911841428973,2.8645140070165040491,0.6822079015555617687,2419,2419,0.014953556470572948456,0,0
0.0029718103598521217017,0.52200482963468120001,1.0901425279215948283,0.68220790155556010337,16.561711699652732932,1.8829369118411227735,2.8645140070147623312,0.68220790155556110257,2420,2420,0.014966359362006187439,0,0
0.0029718103598521243038,0.52200482963499506006,1.0901425279215972708,0.68220790155556021439,16.561711699652732932,1.8829369118414249762,2.8645140070164876178,0.68220790155556265688,2421,2421,0.014979162253439426422,0,0
0.0029718103598521269058,0.52200482963467986774,1.0901425279215930519,0.68220790155556032541,16.561711699652715168,1.8829369118411185546,2.8645140070147516731,0.6822079015555607695,2422,2422,0.014991965144872665405,0,0
0.0029718103598521295079,0.5220048296349957262,1.0901425279215928299,0.68220790155556054746,16.561711699652693852,1.8829369118414178708,2.8645140070164827328,0.68220790155556154666,2423,2423,0.015004767104983329773,0,0
0.00297181035985213211,0.52200482963467798037,1.0901425279215919417,0.68220790155556065848,16.561711699652633456,1.8829369118411147799,2.8645140070147325773,0.68220790155556343404,2424,2424,0.015017569996416568756,0,0
0.0029718103598521351458,0.52200482963499439393,1.0901425279215908315,0.68220790155556088052,16.561711699652644114,1.8829369118414129858,2.8645140070164676338,0.68220790155556232381,2425,2425,0.015030372887849807739,0,0
0.0029718103598521377479,0.52200482963467376152,1.090142527921593496,0.68220790155556099155,16.561711699652615692,1.8829369118411132256,2.8645140070147094846,0.68220790155556509937,2426,2426,0.015043175779283046722,0,0
0.0029718103598521403499,0.52200482963499472699,1.0901425279215848363,0.68220790155556110257,16.561711699652555296,1.8829369118414032158,2.8645140070164543111,0.68220790155556221279,2427,2427,0.015055978670716285706,0,0
0.002971810359852142952,0.52200482963467154107,1.0901425279215914976,0.68220790155556132461,16.561711699652530427,1.8829369118411078965,2.8645140070146872802,0.68220790155556743084,2428,2428,0.015068780630826950073,0,0
0.0029718103598521455541,0.52200482963499073019,1.0901425279215846142,0.68220790155556143564,16.561711699652523322,1.882936911841399219,2.8645140070164298862,0.68220790155556332302,2429,2429,0.015081583522260189056,0,0
0.0029718103598521485899,0.52200482963467187414,1.0901425279215866126,0.68220790155556165768,16.561711699652487795,1.8829369118410999029,2.8645140070146792866,0.68220790155556609857,2430,2430,0.01509438641369342804,0,0
0.002971810359852151192,0.52200482963498839872,1.0901425279215841702,0.6822079015555617687,16.561711699652466478,1.8829369118413961104,2.8645140070164107904,0.68220790155556543244,2431,2431,0.015107189305126667023,0,0
0.0029718103598521537941,0.52200482963466965369,1.090142527921588389,0.68220790155556187973,16.561711699652509111,1.8829369118411007911,2.864514007014671737,0.68220790155556632062,2432,2432,0.01511999126523733139,0,0
0.0029718103598521568298,0.52200482963498773259,1.090142527921583282,0.68220790155556210177,16.561711699652441609,1.8829369118413938899,2.8645140070164045731,0.68220790155556598755,2433,2433,0.015132794156670570374,0,0
0.0029718103598521594319,0.52200482963466776631,1.0901425279215863906,0.68220790155556221279,16.561711699652434504,1.882936911841095684,2.864514007014651753,0.682207901555568208,2434,2434,0.015145597048103809357,0,0
0.002971810359852162034,0.52200482963498517908,1.0901425279215828379,0.68220790155556243484,16.561711699652409635,1.8829369118413907813,2.8645140070163872537,0.68220790155556698675,2435,2435,0.01515839993953704834,0,0
0.0029718103598521642024,0.52200482963466710018,1.0901425279215855024,0.68220790155556254586,16.561711699652448715,1.8829369118410932415,2.8645140070146482003,0.68220790155556709777,2436,2436,0.015171202830970287323,0,0
0.0029718103598521668045,0.5220048296349842909,1.0901425279215792852,0.68220790155556265688,16.561711699652338581,1.8829369118413836759,2.8645140070163712664,0.68220790155556776391,2437,2437,0.015184004791080951691,0,0
0.0029718103598521694066,0.5220048296346652128,1.090142527921583282,0.6822079015555627679,16.561711699652395424,1.8829369118410876904,2.8645140070146304367,0.68220790155556787493,2438,2438,0.015196807682514190674,0,0
0.0029718103598521720086,0.52200482963498440192,1.0901425279215750663,0.68220790155556298995,16.561711699652281737,1.8829369118413765705,2.8645140070163614965,0.68220790155556731982,2439,2439,0.015209610573947429657,0,0
0.0029718103598521741771,0.52200482963466077191,1.0901425279215850583,0.68220790155556310097,16.561711699652356344,1.8829369118410865802,2.8645140070146051237,0.68220790155557053946,2440,2440,0.01522241346538066864,0,0
0.0029718103598521767791,0.52200482963498107125,1.0901425279215757325,0.68220790155556321199,16.561711699652263974,1.8829369118413745721,2.8645140070163424006,0.68220790155556854106,2441,2441,0.015235216356813907623,0,0
0.0029718103598521793812,0.52200482963466166009,1.090142527921578619,0.68220790155556343404,16.56171169965228529,1.8829369118410763662,2.8645140070145953537,0.68220790155556942924,2442,2442,0.015248018316924571991,0,0
0.0029718103598521819833,0.52200482963498073818,1.0901425279215721797,0.68220790155556354506,16.561711699652221341,1.8829369118413681328,2.8645140070163321866,0.68220790155556809697,2443,2443,0.015260821208357810974,0,0
0.0029718103598521845854,0.52200482963465844044,1.090142527921578175,0.68220790155556365608,16.561711699652249763,1.8829369118410725914,2.8645140070145740374,0.68220790155557065049,2444,2444,0.015273624099791049957,0,0
0.0029718103598521867538,0.52200482963497552014,1.0901425279215770647,0.68220790155556387813,16.561711699652239105,1.8829369118413716855,2.8645140070163117585,0.68220790155557042844,2445,2445,0.01528642699122428894,0,0
0.0029718103598521889222,0.52200482963465788533,1.0901425279215755104,0.68220790155556387813,16.561711699652228447,1.8829369118410674844,2.8645140070145655997,0.68220790155556976231,2446,2446,0.015299229882657527924,0,0
0.0029718103598521915243,0.52200482963497041311,1.0901425279215810615,0.68220790155556410017,16.56171169965224621,1.8829369118413734618,2.8645140070162899981,0.68220790155557264889,2447,2447,0.015312031842768192291,0,0
0.0029718103598521941264,0.52200482963465488773,1.0901425279215761766,0.68220790155556421119,16.56171169965220713,1.8829369118410659301,2.8645140070145482802,0.6822079015555712056,2448,2448,0.015324834734201431274,0,0
0.0029718103598521962948,0.52200482963496941391,1.090142527921578397,0.68220790155556432222,16.56171169965220713,1.8829369118413679107,2.8645140070162766754,0.68220790155557253787,2449,2449,0.015337637625634670258,0,0
0.0029718103598521984632,0.5220048296346517791,1.090142527921578175,0.68220790155556443324,16.561711699652210683,1.8829369118410661521,2.8645140070145340694,0.6822079015555722048,2450,2450,0.015350440517067909241,0,0
0.0029718103598522006316,0.5220048296349688588,1.0901425279215768427,0.68220790155556465528,16.561711699652196472,1.8829369118413648021,2.8645140070162709023,0.68220790155557198275,2451,2451,0.015363243408501148224,0,0
0.0029718103598522032337,0.52200482963464822639,1.0901425279215797293,0.6822079015555647663,16.561711699652185814,1.882936911841065486,2.8645140070145140854,0.6822079015555742032,2452,2452,0.015376045368611812592,0,0
0.0029718103598522054021,0.52200482963496519506,1.0901425279215761766,0.68220790155556487733,16.561711699652164498,1.8829369118413603612,2.8645140070162473656,0.68220790155557287093,2453,2453,0.015388848260045051575,0,0
0.0029718103598522075705,0.52200482963464267527,1.0901425279215839481,0.68220790155556498835,16.561711699652228447,1.8829369118410674844,2.8645140070144936573,0.68220790155557509138,2454,2454,0.015401651151478290558,0,0
0.0029718103598522097389,0.52200482963496097621,1.090142527921578175,0.68220790155556509937,16.561711699652178709,1.8829369118413596951,2.8645140070162278256,0.68220790155557353707,2455,2455,0.015414454042911529541,0,0
0.002971810359852212341,0.52200482963463923358,1.090142527921583504,0.68220790155556532142,16.561711699652217789,1.8829369118410634876,2.864514007014472341,0.68220790155557531342,2456,2456,0.015427256934344768524,0,0
0.0029718103598522145094,0.52200482963495675737,1.0901425279215792852,0.68220790155556543244,16.561711699652128971,1.8829369118413576967,2.8645140070162020685,0.68220790155557631262,2457,2457,0.015440058894455432892,0,0
0.0029718103598522166778,0.52200482963463701314,1.0901425279215837261,0.68220790155556554346,16.561711699652210683,1.8829369118410617112,2.8645140070144599065,0.68220790155557575751,2458,2458,0.015452861785888671875,0,0
0.0029718103598522188462,0.52200482963495131727,1.0901425279215855024,0.68220790155556565448,16.561711699652200025,1.8829369118413632478,2.8645140070161860812,0.68220790155557731183,2459,2459,0.015465664677321910858,0,0
0.0029718103598522210146,0.52200482963463479269,1.0901425279215819497,0.68220790155556576551,16.561711699652171603,1.8829369118410568262,2.8645140070144430311,0.6822079015555762016,2460,2460,0.015478467568755149841,0,0
0.0029718103598522227493,0.52200482963494954092,1.0901425279215846142,0.68220790155556587653,16.561711699652189367,1.8829369118413599171,2.8645140070161745349,0.68220790155557708978,2461,2461,0.015491270460188388824,0,0
0.0029718103598522249177,0.52200482963462857544,1.0901425279215870567,0.68220790155556598755,16.561711699652217789,1.8829369118410594908,2.8645140070144190503,0.68220790155557753387,2462,2462,0.015504072420299053192,0,0
0.0029718103598522266524,0.52200482963494410082,1.0901425279215899433,0.68220790155556609857,16.561711699652210683,1.8829369118413639139,2.8645140070161536627,0.68220790155557964329,2463,2463,0.015516875311732292175,0,0
0.0029718103598522288208,0.52200482963462546682,1.0901425279215886111,0.68220790155556620959,16.561711699652256868,1.8829369118410592687,2.864514007014407504,0.68220790155557686774,2464,2464,0.015529678203165531158,0,0
0.0029718103598522305556,0.52200482963494043709,1.0901425279215919417,0.68220790155556632062,16.561711699652239105,1.8829369118413639139,2.8645140070161385637,0.68220790155557975432,2465,2465,0.015542481094598770142,0,0
0.0029718103598522322903,0.52200482963461969366,1.090142527921593496,0.68220790155556643164,16.561711699652263974,1.8829369118410621553,2.864514007014382635,0.68220790155557964329,2466,2466,0.015555283986032009125,0,0
0.0029718103598522344587,0.52200482963493832766,1.0901425279215921638,0.68220790155556654266,16.561711699652228447,1.8829369118413623596,2.8645140070161261292,0.6822079015555801984,2467,2467,0.015568085946142673492,0,0
0.0029718103598522361934,0.52200482963461736219,1.0901425279215930519,0.68220790155556665368,16.561711699652242658,1.8829369118410592687,2.8645140070143670918,0.6822079015555801984,2468,2468,0.015580888837575912476,0,0
0.0029718103598522379281,0.52200482963493355371,1.0901425279215952724,0.68220790155556676471,16.561711699652249763,1.8829369118413630257,2.8645140070161061452,0.68220790155558130863,2469,2469,0.015593691729009151459,0,0
0.0029718103598522396629,0.52200482963461147801,1.0901425279215974928,0.68220790155556687573,16.561711699652267527,1.8829369118410614892,2.864514007014343111,0.68220790155558197476,2470,2470,0.015606494620442390442,0,0
0.0029718103598522413976,0.52200482963492744748,1.0901425279215992692,0.68220790155556698675,16.561711699652288843,1.882936911841364358,2.8645140070160812762,0.68220790155558219681,2471,2471,0.015619297511875629425,0,0
0.0029718103598522431323,0.52200482963460703711,1.0901425279215999353,0.68220790155556709777,16.561711699652281737,1.8829369118410612671,2.8645140070143235711,0.68220790155558286294,2472,2472,0.015632100403308868408,0,0
0.0029718103598522444334,0.52200482963492278454,1.0901425279216014896,0.68220790155556709777,16.561711699652281737,1.8829369118413634698,2.8645140070160577395,0.68220790155558386214,2473,2473,0.015644902363419532776,0,0
0.0029718103598522457344,0.52200482963460292929,1.0901425279216021558,0.6822079015555672088,16.561711699652320817,1.8829369118410612671,2.8645140070143066957,0.6822079015555826409,2474,2474,0.015657704323530197144,0,0
0.0029718103598522474691,0.52200482963491812161,1.0901425279216045983,0.68220790155556731982,16.561711699652310159,1.8829369118413648021,2.8645140070160386436,0.6822079015555846393,2475,2475,0.015670508146286010742,0,0
0.0029718103598522487702,0.52200482963459882146,1.0901425279216054864,0.68220790155556731982,16.561711699652352792,1.8829369118410632655,2.8645140070142915967,0.68220790155558341805,2476,2476,0.01568331010639667511,0,0
0.0029718103598522496375,0.52200482963491601218,1.090142527921603488,0.68220790155556743084,16.561711699652310159,1.8829369118413605833,2.864514007016025765,0.68220790155558397316,2477,2477,0.015696113929152488708,0,0
0.0029718103598522509386,0.52200482963459338137,1.0901425279216094832,0.68220790155556754186,16.561711699652377661,1.8829369118410650419,2.8645140070142693922,0.68220790155558497236,2478,2478,0.015708915889263153076,0,0
0.0029718103598522522396,0.52200482963491268151,1.0901425279216050424,0.68220790155556754186,16.561711699652335028,1.8829369118413601392,2.8645140070160115542,0.68220790155558397316,2479,2479,0.015721717849373817444,0,0
0.0029718103598522535407,0.52200482963458993968,1.0901425279216110376,0.68220790155556765288,16.561711699652391871,1.8829369118410643757,2.8645140070142538491,0.68220790155558530543,2480,2480,0.015734521672129631042,0,0
0.0029718103598522548417,0.52200482963490690835,1.0901425279216112596,0.68220790155556776391,16.561711699652398977,1.8829369118413656903,2.8645140070159937906,0.68220790155558519441,2481,2481,0.01574732363224029541,0,0
0.0029718103598522565764,0.52200482963458527674,1.0901425279216112596,0.68220790155556787493,16.561711699652374108,1.8829369118410601569,2.8645140070142272037,0.68220790155558619361,2482,2482,0.015760127454996109009,0,0
0.0029718103598522574438,0.5220048296349006911,1.0901425279216165887,0.68220790155556787493,16.561711699652434504,1.8829369118413687989,2.8645140070159698098,0.68220790155558708179,2483,2483,0.015772929415106773376,0,0
0.0029718103598522587448,0.52200482963458028074,1.0901425279216148123,0.68220790155556798595,16.561711699652448715,1.8829369118410614892,2.8645140070142103284,0.68220790155558541645,2484,2484,0.015785731375217437744,0,0
0.0029718103598522591785,0.52200482963489580612,1.0901425279216201414,0.68220790155556798595,16.561711699652491347,1.8829369118413701312,2.8645140070159529344,0.68220790155558697077,2485,2485,0.015798535197973251343,0,0
0.0029718103598522604795,0.52200482963457506269,1.090142527921618365,0.68220790155556798595,16.561711699652484242,1.8829369118410630435,2.8645140070141899002,0.68220790155558608259,2486,2486,0.01581133715808391571,0,0
0.0029718103598522613469,0.52200482963489092114,1.0901425279216225839,0.68220790155556809697,16.561711699652502006,1.8829369118413699091,2.8645140070159298418,0.68220790155558808099,2487,2487,0.015824140980839729309,0,0
0.0029718103598522622143,0.52200482963456984464,1.0901425279216236941,0.68220790155556809697,16.561711699652530427,1.8829369118410668182,2.8645140070141716926,0.68220790155558752588,2488,2488,0.015836942940950393677,0,0
0.0029718103598522630816,0.52200482963488603616,1.090142527921628135,0.682207901555568208,16.561711699652608587,1.8829369118413747941,2.8645140070159196277,0.68220790155558708179,2489,2489,0.015849744901061058044,0,0
0.0029718103598522635153,0.5220048296345656258,1.0901425279216254705,0.682207901555568208,16.561711699652548191,1.8829369118410661521,2.8645140070141525968,0.68220790155558785894,2490,2490,0.015862548723816871643,0,0
0.002971810359852263949,0.5220048296348792638,1.09014252792163302,0.682207901555568208,16.561711699652622798,1.8829369118413767925,2.8645140070158898737,0.6822079015555896353,2491,2491,0.015875350683927536011,0,0
0.0029718103598522648164,0.52200482963455996366,1.0901425279216307995,0.68220790155556831902,16.561711699652629903,1.8829369118410699269,2.8645140070141361655,0.68220790155558796997,2492,2492,0.015888154506683349609,0,0
0.0029718103598522656837,0.52200482963487171428,1.0901425279216396813,0.68220790155556831902,16.561711699652700958,1.8829369118413812334,2.8645140070158641166,0.68220790155559052348,2493,2493,0.015900956466794013977,0,0
0.0029718103598522661174,0.52200482963455507868,1.0901425279216354625,0.68220790155556831902,16.561711699652697405,1.8829369118410734796,2.8645140070141210664,0.68220790155558808099,2494,2494,0.015913758426904678345,0,0
0.0029718103598522661174,0.52200482963486627419,1.0901425279216425679,0.68220790155556831902,16.561711699652754248,1.8829369118413810114,2.8645140070158428003,0.68220790155559019041,2495,2495,0.015926562249660491943,0,0
0.0029718103598522665511,0.52200482963454852836,1.0901425279216414577,0.68220790155556843004,16.561711699652718721,1.8829369118410776984,2.8645140070140948652,0.68220790155559085655,2496,2496,0.015939364209771156311,0,0
0.0029718103598522669848,0.52200482963486005694,1.0901425279216474529,0.68220790155556843004,16.561711699652793328,1.8829369118413834538,2.8645140070158179313,0.6822079015555916337,2497,2497,0.01595216803252696991,0,0
0.0029718103598522674184,0.52200482963454364338,1.0901425279216452324,0.68220790155556843004,16.561711699652779117,1.8829369118410794748,2.8645140070140779898,0.68220790155559074552,2498,2498,0.015964969992637634277,0,0
0.0029718103598522674184,0.52200482963485372867,1.0901425279216518938,0.68220790155556843004,16.561711699652828855,1.8829369118413852302,2.8645140070157926182,0.68220790155559296597,2499,2499,0.015977771952748298645,0,0
0.0029718103598522674184,0.52200482963453764818,1.0901425279216525599,0.68220790155556843004,16.561711699652867935,1.8829369118410865802,2.8645140070140624466,0.68220790155559174472,2500,2500,0.015990575775504112244,0,0
0.0029718103598522674184,0.52200482963484817756,1.0901425279216558906,0.68220790155556843004,16.561711699652903462,1.8829369118413867845,2.8645140070157735224,0.68220790155559229984,2501,2501,0.016003377735614776611,0,0
